221405
1593775
10661846
4132053
4994530
6276861
4476859
2741537
7942686
1734041
10590401
7988682
4195380
179479
1671187
4089295
16585391
6879822
9698284
2175202
21722171
4488771
2308342
9315627
3512356
5001307
15694228
6456788
11515441
3337374
561024
11203376
1593599
9866120
13418045
9161644
15097037
13418059
3584545
6038246
18703008
10155062
2308375
2554636
11351388
898659
8363271
6101141
10293758
9644240
9944068
9265295
9179876
13868795
1656824
2741503
3476063
12177547
5335940
3735572
1050811
116041
6005249
18053105
12060289
8309738
675371
24317022
3132675
426733
9807708
2741510
1354572
9007927
13515088
5353647
5559465
8525923
7591348
6568717
9968511
10192486
1192682
13641985
3531428
14348553
14604415
1748631
6263722
920045
141723
1934099
5078397
1050804
2904689
19158160
10455084
448119
4548794
7548814
1430617
13418055
12915502
15899627
4165274
2199983
19848558
9360480
10386759
6507018
2834160
2389148
36660
3588878
461703
2570092
1656103
1222949
11262573
8772301
5261192
268816
5413085
1685314
2966935
5704801
726585
16743132
1462325
9730353
1505546
12884279
3417332
10208737
11508463
875489
9672285
9315644
5364008
12832658
12816245
2308329
5685927
8778539
3718404
1593692
2389178
1756574
920053
875428
1050818
6739067
2519907
9161640
11521265
7172688
1704754
141873
7099267
139375
675410
8506079
6809713
1430608
9789506
1593805
1179355
5879461
19625588
10755741
15823960
179374
5866462
15311523
3330012
1593591
619981
3935987
4530009
5559411
2975014
2347239
10383401
2555599
12774851
20008595
846984
1050793
322564
261690
10318729
8265488
1593524
2126945
13418035
9761692
1769833
10949156
3036371
21419839
14239826
3727422
2114157
22909220
11626077
179386
5704828
8640628
2565362
675428
9899835
4808285
5757438
9447986
619980
8764648
3405772
16624138
1671159
9963517
4132088
7172692
7251388
11437456
11088074
777591
917063
15694229
9219291
12055553
21540911
6276873
1106834
5001306
3575480
179480
7253525
2308309
774458
2947709
7858615
13111671
12774853
1505534
179404
11071379
5700981
6598081
9447969
3266987
5283770
15924550
23211633
2796646
8791252
2082022
12915508
3330193
6541629
179474
5551968
793214
1590659
15619397
1827913
920057
571459
15537609
6154262
1534696
13249090
4981507
1552959
2404988
5694786
10141372
3595752
2979815
4345984
3654859
5677803
7012664
2489878
12774844
22544055
3331314
11819760
12010043
599460
21060053
6166172
619969
4258074
448079
8961232
8520336
6301331
11888622
16184376
8655773
5739738
3654376
322609
2308317
2555564
10781897
5622467
6353569
4258081
2869471
8772313
19763705
1231807
8406931
1222970
12365272
2747748
11540795
7646881
1554847
17736074
1834937
769213
8055512
9643505
4402220
1050805
4972508
1528505
1089096
9276762
10735709
2630797
2808929
139401
11646131
15899635
222890
6993669
9447977
4723579
23001126
2741496
5069941
22921101
10947173
3575536
10929374
10296373
3973416
650104
3818628
5194331
14678859
31988
526601
1756814
16695210
8148478
16500792
10534754
3749322
179406
2489879
7956278
6920996
1998430
1402549
1671175
22717504
953049
893451
9161659
3453920
3533720
6301322
2615709
1892000
9015451
3044515
1671184
11606309
9557850
8043333
9056143
1371765
536746
2825753
830895
10472151
22978839
5506039
4258094
1869485
17531462
5192135
1753745
1149139
11208865
3266991
8278276
4648802
10455108
13467296
2204444
3154095
6188576
886948
12264665
1430575
6680378
9944106
2781106
1593740
5706454
1050785
2706306
102286
2706313
15597377
1050819
10993819
1462326
11410727
9481386
6376532
4458988
8546872
22914517
12832678
12995553
31995
19872691
793258
1430600
6859043
15232470
2741592
8328949
5518334
5015207
2933891
15366564
6568622
2761808
2308397
917061
13828622
5443330
15198808
9979259
292546
1344668
6114643
6890698
15995550
4243180
5866449
268802
6568616
8671200
10068751
4583811
9082692
1685313
16157248
11541940
1437755
5879455
8132015
1124938
6890702
11646123
1133628
12970028
12470023
5441580
5694800
9730351
3935525
8148494
2308389
6113365
7558509
1593667
21992784
620024
7715217
5846795
9300368
3168253
1883780
2308383
3463532
3416720
13769758
3708655
9925869
1310856
830884
179489
1430568
1394798
3727424
409
8855507
15097038
9557846
179524
4258086
202309
10010799
1242307
15278514
5845976
10099920
8350872
2933910
322388
1430555
11774110
71692
1050814
16476738
16524856
290513
19803791
2939812
16641524
2801194
5392687
9963518
1671179
2536590
6685107
11358205
5197940
15970888
3727441
25133800
9218963
1106887
7800260
16399844
21283196
298871
6272165
9360475
1485687
12017958
721933
2741532
7789795
11918498
3885670
4973975
17481924
4514368
9925866
25317785
1430560
1578125
7748619
3866244
9447968
9889056
9698283
25121972
12339999
6568724
5335917
15366566
15813184
6133201
12073132
2160434
13771138
22028507
10786178
738510
1671158
9447984
5562464
1576647
1527294
5791793
8133798
18219985
5098855
12416893
920033
121417
7996528
2308359
9280908
220668
10327098
1952057
11389986
57486
15521061
20213307
4327609
2741424
1390586
11588239
3503535
329440
1485927
448086
2555559
4165211
3786606
14457274
8857568
14081633
11071374
8777837
3787525
2226323
7946996
19827009
4376448
3388570
572305
11351389
16756306
22458195
7358094
738599
1485686
9844084
12452621
1437774
8598347
11970729
7131912
1430612
5695451
9161661
12069819
2308302
2741573
8090970
3168277
383125
7768695
22411075
12099848
3522987
675374
9142855
2801188
8890459
179510
3479374
13418042
18577599
3330027
5081423
12409915
2382667
1540305
917078
2034524
24302849
824204
1722900
2555534
5084401
4132066
10877488
895764
3018007
7996530
1179368
11829505
9651103
4258192
6346891
10800701
179471
17196648
12374255
12806720
8625127
15097043
12801472
6668278
9229532
9610973
3417328
222891
1671167
7172682
16650638
515537
22867703
10147596
4345683
5932479
15332748
4233345
8702794
1541315
5805865
15053253
10083621
1050815
6295545
5708499
852340
4241428
2284754
536638
5517975
8750730
4884497
3361121
2694193
2992335
8890458
7923244
12688103
18472897
2941578
13368721
13438808
9962750
2966166
1490676
3584596
13085744
11586670
2375452
920039
3385244
5073011
1552962
5706455
448090
7760117
12339994
1430551
1005454
1585711
2520831
1106915
1971997
6638592
4440080
7291438
871705
9843938
16003183
22869489
18646094
4263841
16176371
1437769
7483956
86801
3069121
8879082
7295537
769215
12309358
135630
1593558
10661581
15406898
14417094
5081401
1590593
9769995
2834128
14979537
16743121
5823080
2620417
568043
5717180
12642696
2610026
12006590
6952072
3203796
2741498
7858631
7858596
9439621
179396
1242344
5401327
4826380
8118502
8954070
17898655
19447585
1724516
6568694
72189
11515439
3384824
1485645
5986728
1540310
6341796
5866452
3060077
274943
11442011
2192449
11909643
17593976
3566084
23350265
2694197
20231442
8791248
22488444
8702791
2823560
1671172
220654
6191254
11572169
17848059
3520626
6038230
6852871
10192228
4973976
5700982
5884516
3727425
3610716
14667449
536636
2518716
10710408
22977262
2308350
1430598
5365625
3060076
7040841
2989528
6428705
13112631
1265174
17013801
9332413
22737603
12581168
22588631
5084308
6732087
18778638
12379346
25227981
3153792
12427979
6518070
6541633
18323873
2175183
10305241
10490529
12797871
3993104
2623843
867289
2359362
5723210
1430622
1793849
3805064
11406421
830857
9447970
154706
111802
413819
572333
31036
3380774
1175136
17860531
9807709
2811111
17387571
21259931
285567
1430565
21064055
6568757
875420
10745474
1593708
2655059
5420560
17968729
10801131
7172701
31014
1050800
5631007
13111677
2555626
12339996
11054965
3849303
10141587
9021650
16140905
8772308
18389014
18232152
2175177
5752255
3476039
12381054
16173943
4243531
11230498
1050789
16792274
2584062
1671161
8861618
20935880
8750719
71652
5824163
3132679
10086181
1202653
2023085
5639051
6142795
6606069
11351395
179424
1329962
596987
11660540
9161650
2518717
7575551
10206583
7205222
5126916
11646110
17319767
9386301
2741530
222885
9161648
4165273
179433
10257583
1870245
10619117
2156932
10174196
16500790
5631005
6695680
12765867
16254220
2906531
2752574
5550564
7838217
15097026
4935939
12841571
14919725
9230522
1050803
11774012
222895
1430557
2741574
9322268
7344626
8236926
1593517
23539353
793241
221426
5283767
1671169
18123822
675372
7694097
179494
2275584
1483535
11070519
793244
8740540
179383
11594869
15326379
7427990
3073104
8470634
10112461
16927189
721932
16126051
29159
13771147
6449442
9583038
5746205
2308362
8617181
220681
13073952
6219097
886931
10830
322456
10647170
2175197
11295167
2383566
1570144
5884038
12608806
1491042
5516120
5687829
4426819
3159676
9561654
17383117
3805103
5545279
7545674
5193852
7449
1696010
2545806
6380675
553669
8662712
1704784
7897457
15097034
3346637
8343071
9151349
11285258
5521139
19410710
1332067
12006368
9304908
3595758
5338391
4234946
1576653
8058928
1437777
21810724
3235761
19756
12832693
3291783
4451032
11351384
23061464
8198126
6206884
5601004
6824895
1678467
2961605
8795630
7961803
10834870
12403833
2741525
11308302
1329781
620018
956625
15353669
567536
1074218
4195351
4188649
15899623
5588134
4917269
6463685
3836468
5112891
21425057
16051607
10455118
1106820
2308301
7874894
220646
2961627
2565377
2735863
675440
5084327
1430603
5224604
12395767
19158158
1671166
6906018
5634251
9314920
3687992
2308372
2389115
11252356
6638605
1593785
3323539
7858604
7800275
10834818
3388474
1485654
17248185
6010035
7028508
16184382
10192490
7265044
7095716
1699999
3415127
4277096
3727442
917067
18634237
6276851
9358781
914443
154772
11071377
7858591
5524124
6568618
3235765
1869489
2741408
1918755
10839692
2308376
12977673
824157
23543389
15467861
13418058
16695211
2995129
5700233
3047164
8376607
12055552
1129613
9271078
683930
12463666
12140039
5830704
7594618
2946870
8638607
15522544
9721534
12434235
9536148
15617353
13995105
600612
3215505
13418030
475619
10455096
920058
499043
2437955
16709740
7839740
1179380
5742770
9624875
12429483
4132078
6058235
3045612
1552949
17263827
10932880
2285060
1837772
1050797
9815153
11651980
15694230
7172686
1485644
12832694
9360476
355556
7172697
220665
1089093
7483952
8723495
29265
3016645
1626356
2741506
10174207
830848
141968
9918025
16186744
8308312
772316
1590789
10305283
9536146
15406896
2308371
1380438
4576637
3575521
726609
2157583
5126930
4267166
2699384
8595788
7591318
461694
179444
7968304
10208734
2741552
8110474
3168237
9569332
1813337
9161664
11260674
6663734
7099272
5284754
1430570
1242304
5788411
608955
461724
11685729
5283776
19862798
9447967
11913241
11351394
16051634
19139723
6599651
11741613
11606307
1543823
17347884
4773266
3787574
5360759
9447976
5183467
2175194
9918016
6413868
8067081
3531411
5336055
386793
2741582
10093957
1576713
2308380
10793831
11685219
683864
1430620
22495175
11388916
284737
2747808
4269291
11897100
179390
2308332
1593683
6167876
10018447
4981510
4703888
4159128
6264248
3579397
12825289
4440130
13259868
6648453
5987175
12478058
5262783
9776777
8023768
5739831
4918984
10362734
3297579
10042100
875419
16767872
141885
8600271
8330586
6552733
2489820
830872
3030493
12832698
1477524
4089353
6100225
3727446
1346985
5735423
18703508
12154314
2678675
9624873
3821071
4172829
15970451
15619398
23001582
5049816
8674177
3805601
13749821
595032
11071394
2741495
9447979
1400808
1671168
5700978
2933065
6183973
1380453
4247776
3289222
9918740
4498759
11295596
10547073
824166
3818634
3962230
19404075
16513918
927702
13771141
6094986
6741127
19803792
1187896
1593754
16522478
1656811
16428244
5269689
3508553
5187200
9923436
16500791
1050810
597610
3168260
8977472
6926645
3795492
10578092
3708657
10590413
6028103
8872037
5456596
1151936
8057871
17797501
6774581
23034652
4976450
321535
12073129
1430613
292578
23917238
10208738
5262782
20044983
2308361
5481563
6541628
11994524
777582
6288244
583218
5452343
6244077
9583257
1671177
9035996
10007442
321523
6563552
6859046
10192489
5450370
10969145
2966986
8702298
674256
5481181
5679706
10362496
924158
6127134
5926994
284738
9371988
2741563
2389149
10030098
774475
14872486
18447710
11529219
1430621
7537934
18447597
1678454
10060843
10221273
12821948
1346997
3219173
5368496
2565366
2542985
1430563
254201
9070464
18651131
9440374
5296819
9979260
10578091
11989053
6344717
5419028
6859035
10694550
2308323
6249766
1539931
10503811
11071398
14115215
5675999
6463688
259266
5393367
2961630
12339997
2397426
6261515
3291741
7912542
9924287
9161647
2741533
5717147
6568647
1103277
22977297
3378854
179468
6258228
6444467
10624427
5699968
21830630
4000872
8869305
4335413
5506040
7049384
6756410
10578093
16009989
1994464
271799
6341791
6926646
32018
5349191
184383
9304909
10540250
3657338
4003022
4575059
322374
4188655
7646792
4135129
268813
2795455
3727447
917069
2856092
920090
2308385
1704775
1593513
3323415
3692751
5723220
1050807
7358102
8605284
2277272
2577092
793256
6100300
620074
6930529
322596
11240778
761077
9513571
6413707
2860201
1998442
84315
4188654
2308308
6005233
3531406
5877945
84313
13840401
16291969
2308351
15322566
12708812
7867495
1834944
7014150
1834928
2565883
6974133
2704495
9142859
19654569
18337951
1695241
6510673
4376446
32011
646251
8237000
221413
920035
2640227
11358197
1593601
4744277
3266769
3919987
2741591
5004104
162832
9168047
18387687
7569869
5083178
11646121
6553608
6978092
2992361
15694231
703570
12353567
5980171
692814
4000868
1846191
3079355
2706616
9154816
17405206
3261743
9299083
1430553
17284081
13282155
2308349
5884517
922110
2308395
5804663
23429222
8501089
824201
7545681
12251218
1593677
2992340
5637881
11388913
22412110
4743008
5496688
5622481
9605990
917045
5638889
179458
14115220
1242308
9021651
15694224
15658143
3638563
9051364
2995239
5392690
329422
10437132
1935028
10297280
4655391
10146460
18451930
1450080
7952780
10085596
8791294
1511525
6958742
3323465
10383417
23130110
920064
12703961
852336
5335916
5635862
2856060
20935882
5081481
12437193
15097042
14702330
3119083
15922117
7594619
7785973
22478028
9663742
871718
1826043
6001145
4258066
14646747
3676449
7037063
18894787
19862799
22262152
12166858
13947608
7793022
11410726
4050530
15501567
19680004
8777834
793236
3623629
9918009
2308307
321534
23543382
5183356
9339975
10315513
13477619
16653926
13438812
5777059
14081630
10003675
9850325
13120876
1593662
1593607
2308377
23020417
9255374
3515017
7746735
2935511
4423162
4950822
920078
5761838
2308316
4723576
770707
1493138
1189827
627373
1593528
1593658
2856082
5550571
2206694
5349185
10085815
2747785
2727161
4195382
179469
5555061
2308363
1599015
9557856
7715479
728953
8125386
6852868
2308365
8109280
7504545
9526047
1593615
4479730
2184986
15157822
619963
4807509
11199919
9676676
3575525
12237924
5441608
5262818
15097041
23024510
10208730
10287429
3575489
22443035
8786346
1998446
597615
6540480
3323475
8289903
3189825
894649
2308321
17720784
13619874
5776548
179440
3105314
11388914
179476
7731081
4534977
13494992
2500285
4335414
5335883
2489881
345210
220694
857188
920077
80409
9501561
19475611
10691204
1593700
5051145
3531398
156946
448115
3266984
5447112
7344595
791689
1066079
14678861
1430582
1708118
15097040
15727755
10383405
1505549
2308300
9364783
10607038
2992332
7485135
10871563
11225617
126367
3219126
28026
3657343
917052
9983596
8751387
9966654
5694799
8662715
745164
9754174
25105237
8463204
9007930
583655
2308320
17208556
14207483
2783617
11863983
1493134
1505283
7753452
3819647
5783172
1525932
3993107
1493107
1593736
2732922
3037234
2706508
5961345
11003134
7172695
5527302
9022188
1113888
16265567
5985988
221432
6029657
220657
2308324
220667
8132039
1430578
1593769
179456
6167874
2370597
13771120
7053947
7908348
9142856
1050780
10785656
123535
10218197
5685928
3516593
12457761
1712580
2308369
8063749
6638786
8439408
1593641
20182570
583206
1685309
184266
7694317
25320973
9536149
9594247
5669565
1834947
2383578
9632862
7172702
4356537
473076
1671171
18149437
3727457
4813311
675427
9869995
12167499
10801928
6849470
2021233
8462690
2308341
3618648
220663
9643500
2308382
4188650
5392649
6766469
7245685
2295139
4729522
2246102
268834
3390925
8941483
2497762
9966649
5601574
9203297
8562463
5081487
3597531
2741576
3499250
16800137
3221117
1758724
15295585
5687832
8058926
11008215
15857116
7344597
17755812
9718715
16033043
10638615
583703
7707005
7508095
917042
2565368
1485684
4895866
13084909
8672843
5543929
485263
5112917
1237275
3289208
8192281
5935045
4000881
10159925
11614167
2801190
4836228
8872036
5960047
5081393
6301346
2741588
12688098
920050
6570031
1450088
9307973
5591723
60442
2337672
5784859
10877495
7325383
1372909
13840406
12069817
11088076
1671182
14079296
1525955
1050794
15950675
11066775
4258097
1332090
12841020
597628
11351397
15522571
21746878
10289406
1576723
8764647
17355440
2157577
1599017
3608954
1593509
6507016
2706296
3736394
2555602
5820410
8288903
3219634
2747815
2308390
7485132
3416719
2747812
9203300
8595789
2156920
4188651
13418048
11629316
917068
1526610
6568679
4258103
1050809
5758712
4160142
2308394
2747753
886949
5183376
102282
250692
7693366
1493094
13942185
16003182
233735
1430605
3664526
8083104
9360824
9557847
745670
503163
5851010
6083482
2347304
12893523
17275497
7172681
3574164
1255289
12411226
10192495
11221172
24301621
23138562
10257586
17627168
9925865
1734119
9583260
5507089
1834933
23789118
896325
7793010
14653984
2308326
23008598
14382556
4401266
2153521
12257784
2824989
9447962
5717143
22977296
5793200
13477794
7858592
9203301
17737846
6434563
8212325
2308340
2856100
4426816
9447978
4655390
5224630
2370426
2489887
1677361
10000859
12104912
1871241
1525987
9213273
2295956
2939806
2795474
18083050
1430586
2623836
15658144
4376449
10590387
1593638
5171004
1074212
14120631
9161649
9289101
3577714
8083107
3606087
1192683
3680409
2622333
3933598
6477670
1523784
9175345
220666
1834932
1179361
7768698
5251649
1430564
4439919
8470638
1692416
2308298
4335407
9730107
2565376
5653743
896415
2741571
3060119
162768
4335412
2507431
25237723
5042123
5006696
12058631
9497554
3388476
1341830
16195106
6390876
15473459
8535972
10762217
12010026
5177079
4293498
7557311
17508296
20935870
5452345
10455103
4906381
3508498
5039587
9447991
16262042
3047152
6113358
3140367
13418057
5552003
1050786
920055
13259862
4078479
4978002
16172022
8649820
15964158
2995314
1540299
355600
10362818
9139017
6177938
3516095
9205779
9419697
1050808
3785450
886959
9447964
5392673
14667457
15905957
4810502
2308379
9971039
329351
6348021
11406613
15378791
9369314
8543811
3388523
761100
21810740
6106265
16961687
4880153
4258083
5088027
4863817
1278774
8883208
23001857
2741524
1294869
11203375
3665499
3267788
2378250
9229943
813513
1106831
1918795
4078463
8063756
920102
4258078
6376047
11970734
875481
5088031
9695776
1050795
8422721
2819994
23803365
8374158
11090300
2781113
1593525
15349860
9979258
3639172
3893622
9509125
8281743
619999
8423205
2489885
7839865
1840322
4479733
9145929
2375360
10590403
4863138
220658
16427930
1593757
2301145
7800287
10960061
192942
7172690
13259863
20419889
6786412
1430552
4972497
8494331
17003437
9169004
963796
10897540
21999010
1552954
8777854
16823186
6993717
10455053
2824319
1678457
2732893
6638591
1372880
10627944
9369292
5158690
953050
16051610
9545319
3799847
6926650
1466823
12177268
1050784
2819975
5141842
14163039
14958981
11658401
2694190
970722
13675349
3575526
6747343
5262811
6249693
5902608
16265565
8041761
721937
1050790
5551988
13453144
17214999
5723214
6301327
11411790
8083105
7357050
1791991
6507019
1578159
10206581
23460072
5025917
2995254
9269083
20614163
2507432
2378625
5452344
5550578
572252
2843464
14614410
730475
3993094
1430581
9886796
7237091
14794558
920103
17034824
4723572
2308398
1626349
3993121
2175212
17248186
19564785
8276465
3323326
5152361
16303832
1493091
179505
10169084
23130111
8119876
2623845
8890457
21823285
5284760
10547071
15694225
13477795
15199556
3130717
16184508
7172689
1222950
220671
5700974
9950239
12388395
3060069
1768435
595015
16243698
221445
10206591
22977298
11032473
1294878
5081504
3018009
3553200
10932882
460258
9447965
3819655
2933120
7737298
4000869
2919420
3962516
1389725
3727449
15097027
11626076
2479240
7789799
675395
10431125
10393543
2402749
5507087
1460592
9656844
18671054
3727440
675435
2308303
5171149
8937675
7784515
16227895
15546241
16402358
7004136
7321671
3479367
3843143
3060111
10648238
8655779
9918008
8109278
6274237
2314697
11916789
244495
2032995
12832699
5465076
15529095
5098849
6933156
11606305
284729
6621211
290510
1588643
9632870
9918021
4172841
14080859
19475603
1470781
24259562
12069820
12484793
9844088
13739941
9388735
292505
15278517
12774849
5839436
8181112
1834924
2819976
595017
16042198
160467
2032996
3140474
3321294
8083138
15658145
3336533
12866805
5577221
9343629
7239401
5484520
8764635
595018
2995179
5250538
16184375
24430180
3654442
5717136
1834922
2933160
6308725
25978
10909815
2383576
1120886
1834929
5746228
5088036
162227
5388526
11515436
4906379
7858590
19454771
4172047
7966174
1813355
322521
17716765
2530132
1798158
10383393
917051
3727434
5279028
10192498
5544342
1187893
1640915
7434496
179394
675381
42615
6320856
4018885
6667390
16140912
4277104
7172704
254208
9161622
1167672
2747758
11586672
2704395
191162
1671189
12331246
7874908
9923438
1758728
3154094
4966802
3417329
391177
9019566
179512
23729974
4087482
1671176
18777862
24430169
1179356
8741543
15537079
19342767
17532152
13418039
6701043
956611
5101015
11351396
5581079
3128029
4440074
13009591
19862797
14543380
6177937
1576710
1340675
3680408
5269706
21823284
3263698
2308381
17606830
11351386
17791120
3060105
9360482
4258134
2577088
22379869
19810190
1753743
7344602
2308396
16177321
3964984
1798152
3037233
8247614
9925870
15395717
1380446
7344582
1460866
1341112
1226669
3186500
8562180
10208731
7619638
2747810
7211725
6899851
5426800
10028273
18389013
9447975
675364
1226692
16957557
1679668
1525966
4534982
2794565
1602301
8060075
11814150
8946064
179389
8657346
5015217
3727436
10381821
776433
5263742
1050782
8791293
23000845
3171799
15199559
17737848
10141285
10683286
1050787
3383601
7565910
2878825
1106865
5849742
675414
10393585
1189836
6139435
2000590
2308392
3304403
15097039
793213
8276464
8611600
2741595
6852878
22876004
11646119
6090877
2776023
3575518
3323387
10007441
3137817
3030587
1273377
11048207
5215741
12755507
22932619
10590405
1918769
268787
1430580
6844664
4981472
696286
2801192
857195
10929370
536818
14457275
4946129
4343972
16837480
2725557
1493139
12958743
5721619
4078467
12466016
8806468
5820382
4238869
3272821
5004106
6005304
8707987
9203303
6801373
673969
2347287
15180047
453938
254097
11594851
13401619
2577099
11262582
8148495
11629309
448109
15783672
2308347
2545798
6568614
10455032
4258113
595190
14678862
1192677
2667219
12668022
16522467
6465131
21976759
6751767
8855747
4030528
9322253
5685937
4249984
4778203
6538258
1430615
9245458
6977614
12362097
6138509
1430587
1553101
2126946
1170555
857175
9754199
8791255
6815791
2914855
2873704
18778640
5044232
12353566
11295169
7996529
5051131
658268
1430550
2741585
21966117
15617352
2577098
9447966
675377
5251226
10365623
5951452
12202098
11685223
875469
3836471
10327253
15035085
4193259
6348024
1430571
2741427
179413
3531410
9257483
7792548
3658881
6679546
11705327
5739826
3743843
14079267
2616250
675370
12369833
17062834
3832841
284734
3428722
16477506
16262107
12064570
5622487
10598223
11100701
5336102
21060084
1050788
9304907
23609648
4847193
7793030
920073
9161642
2371995
2126943
1050823
1593761
2535586
23543383
72196
448077
6100302
3416718
13640909
11388917
2567496
16563040
5267717
4565142
6005262
18654002
7413831
2308388
917047
3760257
9979255
920019
5081429
1636095
2308338
3616863
10208741
9412715
13601208
3727438
7095719
3962222
2308333
675417
7325390
16261750
6348023
10857131
1242303
386790
704506
6052255
15592643
9643516
2587070
3098154
1244215
2781127
8543813
3697883
3168266
1630866
16978037
8879083
220661
8598346
19615352
10060840
11279359
7016849
5694802
9557849
14993202
68727
2906567
2781109
9334657
11629305
14853982
1454110
9644248
2308306
7768700
7026827
6249753
179509
5601648
13418038
9161651
6301321
6432072
5641815
3742962
1679659
11351393
2308366
16850509
3060102
22445411
2904595
13769117
12985636
4477361
16140914
1226690
21060105
5007220
5784850
867283
13772911
2610371
16184470
9535272
18624948
8236854
3727427
7172685
2935507
9928855
10208746
10391555
10383408
23102634
5667552
5891427
515560
24154191
8782570
3135798
800973
3787534
10185245
718872
10417386
595012
4335406
7637836
14423578
3159060
16428246
7172684
8396931
3727452
2615033
793228
14136415
3453923
4141611
2781105
3608957
1696011
4089339
3761805
1627265
9364185
5551973
6894152
9877099
13000687
7858608
22977255
3766615
6183359
4991322
9022194
15529092
5303754
6075689
9161662
12017959
8058934
5543930
10441349
6568676
6464355
2308348
1026600
583183
1179370
6244995
2730195
14545685
620027
10208739
8058935
4701821
12774852
7610173
17003471
3508523
20819603
536632
12915523
6756421
22909222
12592971
14733961
7040836
8355249
285573
20904183
11741612
4976448
4129859
896310
6005270
5083173
2995299
4018392
11822102
24637897
17573112
9896134
3708874
8707982
1038882
385641
2308297
1430592
16833533
2741393
5951451
1809541
2986814
142394
1050799
10578090
7073474
905709
1430593
9369300
9021652
1050791
10091343
14811001
29935
11125070
1179358
9807704
1742477
1642363
23105829
16805659
5578396
12977344
1593572
5687827
1024623
1834941
2741587
348898
179426
6073625
6667043
6737405
12014740
7099262
23053101
9203296
920094
1505554
2308352
3450097
532976
16254222
6804489
19835316
3060083
16696105
18389318
2998168
1768436
3973440
3962231
1656807
12435680
13477784
220679
12006098
10189352
6333726
4655396
830854
6970484
10039876
9872988
8344762
8723494
5905027
13763660
14567046
7793024
8734863
7235868
3123190
11629302
3325246
13418033
5392700
19016051
824154
920038
4742981
2555546
246294
311134
1092208
920042
10400827
6861919
9458401
7858597
4251535
6572721
567427
10762227
1671173
6249782
2741528
5666734
6382988
179485
4269290
1749753
7344587
18703503
3128033
6641909
3258162
5878265
2206693
10472139
10683283
7291452
3060134
10331568
942628
5392668
10834802
11406622
3405823
9309826
9298405
16140913
3434687
9794736
13477623
7356629
11088653
12916054
1106824
645129
4258105
920029
2781104
8764659
9307977
20677994
2156916
1371798
2308336
4956114
11646130
3047161
13025934
1050801
1578136
1430604
10119900
13751087
13259864
21090078
761131
1050798
8522804
3037235
5798865
220691
24267742
2577085
268790
6849456
6526350
820550
17283603
1050821
7496361
7042452
9112135
8229853
8879081
7409310
1996977
11065023
1505571
6620647
1671162
2933116
6206894
1705177
11088078
2322159
4831808
8764646
11125926
15522575
10746359
9229942
7610155
9598826
82825
14678863
3416722
7033689
179436
2449898
16184374
2487748
5746213
2989524
9962525
3261613
1796023
886927
4479739
23074583
1576665
2536612
10460656
1996028
7723004
3727439
6654419
2502518
5925650
2819999
3946034
620059
1261276
5516314
7409309
2349265
24430167
102283
7172693
2126940
4190136
2036087
11362025
4195381
1727393
1106918
5851892
4858083
1834923
7562393
6384926
3266789
6249768
675380
10455079
1430562
1454100
10692466
7537940
12470024
3595736
15221328
1834945
15522099
3772582
3162503
2989455
2390869
448095
12478057
2741422
321530
19895409
2502653
14427494
1388225
3962505
12404365
7881002
6568693
8961226
828841
3818616
761132
8772299
11414378
2347305
7591304
6568610
1755591
595195
6348022
233734
5444956
15428733
8946071
8148493
14692923
2683775
3249161
16220859
7344567
2741531
675397
6879824
24302850
7760326
6449911
2776030
16971179
9297631
4258146
627417
1226687
6960698
3575537
1129608
8276463
154717
4172024
5262816
830867
3919995
11502754
2741575
5976469
16657573
11365722
246291
4810587
1204408
6904806
9880005
9447951
7103524
3297582
3258163
9676657
7932649
4278922
8754655
2701476
285614
3584214
9203298
10834811
14457266
5721623
1820636
11372713
18891702
2727170
4165260
3192276
5474802
11015513
15635070
2741577
2819980
21295856
5417370
3995599
1179377
15522561
7055034
5804669
10499611
2500022
20916128
12000661
10929377
9880004
2308305
5007221
10806756
2781110
14260357
9388247
13771137
11984305
597613
1050820
8764658
5015210
6100308
1515688
24430165
1132092
5551970
4166361
12073130
4277102
4479728
13103995
3638583
2308339
7932790
5028245
2386244
8123328
10208743
1226646
9979263
6855286
920048
4198029
917079
10141591
10762228
17062833
3575490
5552009
141887
5551969
2577470
1261277
8028869
1825074
15454451
6249738
6552727
13528240
15311521
4506704
7824667
3862544
2351959
1050796
5548358
2308304
1593519
364238
23543381
3950668
6490302
4870648
8881517
6445747
2995288
5158951
1493120
446914
3606094
4227597
14181467
7018922
20935881
9921149
5086990
3522988
12592977
20696597
2733021
13110358
2623849
730476
13259866
246267
25254443
8961230
9730105
3496211
7095723
16688222
4812852
7770130
3591079
2741551
1318923
10383415
875415
7220490
2712119
2741586
3575491
15698853
4258180
769236
11262586
9730349
6568808
13603896
5880011
1462329
13180314
3950724
6903731
5171005
4258186
1430601
8880850
9021647
12916058
5758594
2308318
9893388
7279704
9022190
179412
21436413
5747136
10428039
10053140
7344433
1700848
770691
12774850
1996055
6154269
12167493
8583305
3787541
268805
6092363
675399
3861240
4774769
22964412
4906383
2308335
3512354
7858582
2555540
7694182
4258106
953053
3887216
2362278
5704843
9918753
8777838
6030224
2565373
9447952
1380452
24478983
619955
1106885
9925868
2308299
1179381
12429481
1671192
5496827
920024
22729763
1569850
9557852
7074547
5960049
6482995
9431534
9360492
10993654
1749133
7646795
617515
4150108
16440700
7858637
2308386
7958991
2352063
1717968
220676
2383568
15541572
6005288
7709372
11088067
17283604
29921
1242335
635901
5551999
1430588
17399112
1242351
675413
7059508
19240135
1593759
6492099
1593648
9020631
830855
8671201
6249781
518391
6418905
5704802
