302190
300001
301814
300018
301290
300444
300228
302052
300919
301279
301979
302213
300342
301285
300182
301132
302219
300503
302018
301595
300960
301477
300838
300907
300721
300045
301447
302236
300800
300157
300211
300054
300137
300791
302256
300162
300685
301861
301883
301399
300107
302143
302055
301795
301750
302043
301557
300169
301952
300265
301951
301442
302065
301812
300910
301768
300252
301740
300709
301270
300804
301992
300400
301362
300441
300966
301835
300426
301054
301071
301282
302062
301877
301741
302241
300030
300100
301255
301565
301162
301513
301783
300723
300467
302214
301674
300037
301863
301699
300136
300856
301197
301892
301453
300299
300757
300507
301755
300176
300250
301448
300950
301793
301551
301657
301394
300673
300375
300523
301972
300351
301006
300526
300803
300743
300049
300909
300971
300023
301443
301751
300152
301648
300253
302023
301280
300288
301147
300307
301385
300399
302163
300266
300387
300461
300393
300948
300977
301364
300272
302056
300733
301544
300592
301704
300036
301308
300535
300206
302221
300103
300576
301116
301041
302198
301465
302098
300344
301113
301245
301420
302058
300483
301099
300859
301381
302025
300802
302231
300761
300845
301100
301428
300728
301956
301774
302151
301842
300876
301319
300645
301032
302063
301575
301065
300748
302237
301869
300345
300782
301297
301034
300528
301665
301511
301564
300251
300361
301404
301591
301617
300215
301700
300287
301107
301548
302188
302247
300560
301183
301049
302077
300352
301848
300327
300701
300671
301867
300183
301560
301772
302057
301616
300632
302202
302006
300886
301675
301619
300837
300777
301561
301598
301904
301237
301239
301647
301919
302149
300193
301714
301907
302113
300555
300160
302260
301226
301372
300476
300017
302176
300091
302183
301086
301600
300527
300463
300854
300300
300199
300010
301073
301856
300979
301190
301844
300710
300213
301526
301193
301708
301915
301452
300586
301287
300955
300008
300274
302117
300289
300032
301479
301277
302127
300024
300769
301813
301817
300147
300911
300725
301059
300280
300595
301123
301582
301125
300983
301089
300363
301571
300652
301932
302164
301555
300409
300074
301517
302210
300163
300927
301433
301234
301809
302095
300120
301678
300985
301901
300027
302217
302148
301572
300421
301711
302010
300223
301050
301713
300486
301997
301832
301350
300364
301500
300264
301945
301934
302139
300246
300328
300457
300830
301792
301278
301615
300793
301203
300926
300257
300195
301875
301499
300609
302109
301641
300188
301021
301230
301742
301386
300894
301211
300695
300563
301225
300227
300121
300947
301796
301188
300022
300840
300369
301454
300752
300354
300402
302186
301045
300422
301253
301376
301136
301366
301540
302135
300412
300496
302097
301410
301580
302189
301744
300580
301993
300115
300708
301168
301356
302131
301311
301847
301409
301843
300009
300656
301721
300603
301752
300477
302157
300269
302125
300865
301174
301541
301807
302194
301325
300789
301449
302167
300862
301017
301051
301588
301799
301267
300200
302029
301335
300750
300684
300594
300072
301286
301063
301497
300170
300076
301027
300819
302107
300568
300754
301392
300197
300774
301169
302111
300956
301719
302112
302042
300531
301293
301066
300306
301611
301685
302248
301825
300548
301802
302206
301209
301231
301495
301884
300918
300518
301001
300775
301009
301398
300088
301522
301236
302036
301773
300667
300428
301158
300415
301090
301072
301690
300537
301263
300801
302253
301088
300096
300333
302203
300573
300915
300230
301080
302132
300640
301150
302209
300813
300297
301759
300196
301930
301627
300314
300930
301025
301008
302185
301411
301767
300730
301363
302224
300872
300699
300689
300057
300753
301310
300903
301081
300069
300450
301872
301044
302227
301654
301986
300505
300181
300943
302019
301586
300202
302106
301662
301176
300855
301864
301726
300357
300198
300964
301962
301472
301048
301788
300172
302154
301681
301119
302026
301258
300080
302009
301370
301939
301710
302250
302071
302175
300993
300471
301395
301621
301160
301910
302067
300715
300427
300414
301886
301468
301871
300470
301760
301488
300043
301645
301929
301722
301402
301730
302212
300545
301756
300132
301475
301459
300509
301981
301870
301151
301143
300737
302182
301441
302170
300209
301887
301776
300928
300225
300890
301154
300539
301380
301417
302094
300113
302145
300353
301109
301485
301738
300984
300869
300452
301004
301462
301747
301996
300278
300083
301016
300641
300159
300795
302104
300815
301684
300747
301963
300378
301057
300349
301405
300874
300385
301850
301413
302130
300770
302064
301262
300071
300410
301022
301250
302147
300006
300359
300727
300982
300958
300184
302101
301631
300623
300829
302108
300771
300628
301312
301294
300439
300940
301705
300285
300736
302161
300705
301397
300949
301873
301692
302134
301257
301095
300519
301244
301688
301878
300319
301964
300294
301227
301745
301797
301830
300420
302172
301291
302046
300970
300575
300822
300061
301214
300811
300381
300098
300442
300095
300087
301114
300068
301031
300703
300156
302254
301677
302053
300722
301693
301646
300097
301966
301498
300742
301687
301574
301318
301030
301344
300220
300564
302208
301134
301156
300718
301632
300440
301342
301320
300939
301669
302155
301206
300916
301833
302070
301338
300599
302118
300639
300281
301210
300067
300817
302173
301223
301626
301606
300857
300729
301422
300912
302197
301950
300411
302051
300847
302141
300658
302156
301589
300533
300674
301491
301026
301247
301324
302122
301903
301182
302024
302121
300370
301818
300487
300065
301013
302005
300538
301923
300759
300129
300053
301947
300808
302061
300331
301694
300243
300366
300015
302072
302243
301737
300112
300178
300997
301876
301317
301958
301590
302020
300610
300981
301782
300792
300336
300238
301476
302039
301921
301608
301056
300070
301330
300578
300833
302096
300249
300341
300965
300051
300021
301736
301593
301204
300217
301777
301337
301419
300125
302179
300282
301900
300062
302073
301457
301909
300376
301954
301891
301639
302099
301829
300454
301819
300879
301173
300033
300286
300417
300630
301666
300853
300101
301976
300424
301599
300744
301753
300601
300429
301431
300713
300760
301679
302016
300464
301347
300138
300550
301489
300987
300118
302091
301108
300038
300046
301739
302169
301974
301069
300309
300717
301052
301300
300650
300064
300663
300226
300624
301478
302066
301177
300634
301329
300482
300239
302207
300110
302000
302242
300842
302174
301502
301172
301613
300766
301412
301388
301079
300126
301570
300270
300014
300404
300809
302093
301208
301789
301184
302035
301467
300690
301439
300692
301703
300231
301121
300144
300077
300479
302014
302115
300346
301435
300764
301614
300825
302078
301828
301438
300263
300168
301149
302244
301037
300513
301771
300374
301170
300552
300805
300135
301075
300179
301463
300765
300334
301650
301194
300092
300134
300749
300373
300593
300034
301553
300807
301094
301569
302137
301735
302177
300099
302146
301082
301559
301323
301201
301303
300738
300773
300694
300256
301926
300194
301618
300224
301434
300821
300621
301256
301931
300794
301701
300924
300925
301302
301702
300763
300620
301120
301668
302027
300762
301624
301906
300885
301161
301991
301601
301968
300044
300604
301723
300735
300781
300485
301644
300989
302220
301670
300618
301778
301228
300868
300612
301766
301696
301314
301938
301171
301460
301874
300522
301437
300520
300944
300475
300293
301019
300493
301855
300161
301246
300348
300368
302222
301941
300298
300882
300767
300734
300600
300114
300664
302085
301416
301924
300340
300908
301429
300201
300888
300185
301345
300588
301596
301503
301866
301552
300648
300778
301790
301233
302140
300693
300542
301584
301275
301836
300839
300295
300031
301145
301077
301953
300901
301348
300679
301028
301333
301980
301199
300311
300790
300780
302054
300651
300089
300841
301430
301587
302124
302083
301890
301661
300772
301935
301824
300706
301450
301103
302262
300304
302200
301562
301264
301273
300547
301039
300696
301581
301400
301787
300279
302003
300390
300785
300296
301163
300935
301418
300967
300988
300850
300559
301042
300597
301232
300315
302047
301525
300232
301622
302105
300835
301862
301341
301128
302238
300324
300490
301547
301633
302031
302086
300589
302004
301124
302059
301905
301965
301215
301020
300740
301061
300384
301336
300846
300946
301578
302136
301053
300827
302128
300662
301512
300644
300180
301880
300075
302264
301528
301265
301014
301959
300675
300329
300214
300657
300682
302032
300712
301269
300186
301315
301655
301198
300371
301514
301695
301062
301510
300358
301501
301757
300551
300042
302152
301658
300468
302218
301895
300512
301423
300884
301852
301224
302002
300896
301011
302226
301024
302120
301725
301307
300959
300254
302195
300591
301712
301998
300629
300339
302255
300146
300291
300544
301309
301803
301115
300235
301821
300405
301352
301603
300478
300145
301629
301686
300590
300474
300066
300596
300962
301216
301295
301779
300005
300320
300153
301130
300355
300491
300321
300166
301918
300432
301281
300425
300203
301248
300123
301838
301164
301942
300878
301205
300608
301623
300922
301566
301978
300462
301266
301458
301761
300852
301142
300242
301816
300174
301706
301152
301868
300310
300109
301659
301181
300151
301007
300820
300133
300233
300978
300517
300105
300377
301403
302102
302129
300961
300582
301175
301444
301845
301480
301306
301493
300598
301374
300111
300093
300561
300259
301536
300028
301933
301826
300739
300465
300606
302082
300205
300579
302142
301074
301207
301889
300991
300443
301720
302234
301097
300244
300646
300394
301456
300472
301898
301379
300554
300929
302160
301885
301127
300871
300704
301920
301913
301995
301484
301191
301682
300627
300498
301542
300453
300602
300190
300035
300917
301005
301322
300975
300492
301137
301899
302245
300494
300175
300391
301058
300020
302030
300565
301220
300572
300697
300529
300726
300434
300998
301524
300665
301653
300058
301545
301515
301368
301249
301167
301689
301671
300923
301785
302228
300502
300660
300549
301213
301549
301487
300990
301558
301261
300553
301332
301068
301640
300891
300313
300941
301301
300741
300887
300216
302263
301663
300025
300698
301326
301949
300141
300758
301354
301527
301091
300711
300084
301159
300247
301229
301401
300617
301724
300208
300497
301284
301414
301533
300155
300406
301464
300812
300768
301716
302038
300638
300052
301987
301811
300637
300335
301490
301656
301243
301240
300343
300755
300524
301432
301697
300446
301715
300234
301820
301691
300258
301970
301585
301955
300041
301944
301764
300063
300082
301334
301943
301331
300459
301801
300106
301104
300039
301806
302022
300516
300863
300569
301521
300691
302199
302037
300433
300670
301717
300532
301636
302168
300945
300277
302090
301316
300171
301535
301357
301155
301212
300806
300055
302204
301274
301896
300957
300338
301483
300828
301390
301369
300688
300796
300059
300994
300892
300558
302166
300999
300451
301235
301118
301504
301530
301748
301982
300798
301543
300611
300720
300012
302011
302068
301179
301567
300040
301424
302012
300797
300860
300423
300127
300851
300954
301111
300677
300834
300849
302191
300438
301446
300312
301421
302251
300473
302060
302123
300165
301106
300654
300687
300556
300480
302180
301461
300158
300900
300562
300489
301283
300992
301067
301592
301568
300567
301305
300506
302033
300530
300921
300972
301523
300325
300913
301865
300873
301033
301961
301254
300906
301546
300649
301219
301144
302007
301927
301637
300273
300934
302074
300510
301141
302013
300951
301060
301425
300360
300448
302184
301594
300218
301577
301537
300011
302230
301343
300302
300499
301781
301012
300786
302034
302028
300398
301178
301289
300848
300932
300149
301573
301251
300973
300501
300094
301827
300301
300407
301749
300460
300635
301377
301994
301538
301676
300191
300686
301984
301296
301359
301055
300581
300173
301349
300347
301507
302040
301625
300969
301046
300437
301383
300905
302181
302252
300659
301340
301242
301187
301609
301860
302110
300587
300622
300000
302088
301122
300831
300616
301165
301260
302258
301532
301387
302045
301361
300861
300392
302162
301925
300605
301427
300824
300668
300836
301846
300633
301038
300615
301474
300255
301922
301763
302114
302119
301360
300143
300883
300745
302075
301373
301509
301519
301473
301406
301102
301651
301064
300003
301853
302080
301888
300521
300389
301180
300788
301775
301047
301241
300893
302015
301610
301492
300707
300889
301221
300222
300078
301948
301189
300365
301975
302159
300056
300678
301098
301727
301391
300818
301043
301313
300719
302178
301583
300142
301834
300570
300672
300816
300395
301351
300048
302153
300466
301784
301628
301680
300625
300716
302103
301672
300408
300455
300963
301758
302133
301786
300783
302076
301436
301612
302215
300546
300508
301831
301505
301769
301973
302048
300843
301602
300680
301508
300367
300050
300844
301805
300362
301660
301638
300332
301770
300484
300316
301534
301271
300832
301791
301810
301146
301597
300724
300210
301365
302225
301396
300430
300732
301840
301985
301762
301630
301841
300746
300631
300085
300261
300880
300303
301131
301192
301940
301709
300073
301117
300305
301851
301415
301808
300154
302193
301957
301148
302049
301445
301129
300904
301518
300330
300536
301304
300267
301579
300683
300007
300090
302171
301698
302116
301299
300189
300104
301732
301859
301854
300514
301000
301035
300540
302008
301298
301407
300416
300702
301469
300431
301238
300577
300557
300318
301133
301520
300219
301822
300236
302089
300275
301798
300212
301358
301908
300613
301135
301673
301367
300016
302229
301339
301652
301252
300619
301440
301112
301707
300897
300323
300583
300756
300500
301800
301999
301804
300714
301911
302201
301969
301036
300436
301101
300150
300204
301153
301272
302192
300019
300148
301916
301539
301902
301977
300936
300614
301321
301375
300268
300810
302041
300488
300643
301466
301371
302235
300534
301914
302150
301070
301157
301195
301346
302205
300167
301268
300081
301217
302216
300504
301166
301823
301928
300245
300826
300481
302081
301382
300139
301218
300140
300380
301743
300164
301040
301967
300116
302126
301087
301746
301882
302158
300976
301196
302265
300117
300642
302138
300124
301110
301506
301186
300119
301983
300445
300607
300388
300317
300996
301471
301355
302211
301604
301496
301960
301426
300866
300584
300931
301607
301605
301897
300543
300799
302017
300004
300776
300337
300240
301642
300875
301971
301989
301664
300681
300968
300382
300060
300207
300401
301815
300308
301023
301894
302092
300751
302257
300574
301837
302084
300784
301018
300447
301389
301649
300248
300403
300221
301912
301683
301734
301451
301765
300397
300386
300779
301667
301937
300995
301936
300541
300877
301988
301140
300974
302100
301353
300128
300276
300937
300241
300290
300029
302246
300942
300086
301384
300262
300920
301015
300495
301849
301794
301529
301634
301276
300823
300867
301733
301085
300676
301946
300525
300515
300283
301990
300350
302223
300986
300237
300980
301259
301486
300458
300079
302001
301327
300002
300661
301531
302165
302249
302144
301222
300435
302079
300731
302050
301078
300013
301858
300647
301780
301202
302266
302240
301092
300469
300047
301029
301917
301563
301576
300260
301729
300655
300626
300449
300192
300372
302021
302087
300566
300898
301482
301635
301754
301076
301010
302261
301084
300585
301879
301620
302044
300870
301288
300864
300271
301096
301643
301292
300131
300938
300229
301328
300899
301105
301554
301893
300669
301002
302187
300700
300292
301093
300858
301455
301516
300666
301494
301857
302239
302259
300413
300953
300326
301185
300933
300187
300284
300787
301481
301200
300322
301550
300511
302196
301881
300177
301083
301408
301470
300396
301556
300379
300418
301378
300881
300636
301138
301393
301731
300653
300026
301139
301839
300902
301718
302232
300814
300108
302069
300952
300895
300383
300122
300130
301728
300356
302233
300419
300571
300914
301003
301126
300102
300456
