302657
300010
301009
302106
300645
300341
300951
300141
301696
301673
302698
302449
301657
300036
300423
300072
301767
301823
301050
300553
302203
302566
300050
301804
301462
300677
302365
301155
301480
301824
302671
300294
302588
300363
300366
302257
301871
300688
301474
300997
301569
300545
302439
301551
302531
301913
300723
301080
301713
301075
301979
302417
301965
301398
302686
302774
300406
300251
300768
301417
302725
302500
302277
301876
302706
301305
301304
302330
300301
302272
301059
300958
302687
301662
300533
302604
301935
302151
300819
302664
301253
300730
302504
300861
300091
300865
301998
301403
301025
300990
302701
300182
300231
301371
300391
300394
300342
302334
301677
301489
301195
302284
302133
301986
301272
300209
301535
302337
300398
301561
302217
302525
300806
301806
301532
302499
300267
302389
301898
302213
301472
300338
300274
300872
302516
301670
302278
301157
301507
302474
300504
302734
300736
302688
301400
301579
301495
301485
302534
300705
300649
300573
302462
302740
300222
300943
300224
301095
301838
301957
302043
301671
301089
300552
300017
301559
302776
300437
301358
302038
300011
300503
300306
300934
300000
300065
300976
301036
301021
301514
300143
300738
300200
301298
301386
300387
301625
301102
302419
300217
301392
302407
302541
300970
300183
300534
300615
301282
301710
302542
300349
300621
301199
301475
301094
302145
301456
301294
302012
302535
300576
300711
302482
300702
301459
301647
302721
302013
300607
301125
302691
301322
302237
300854
302679
300334
302153
301032
301976
301091
302630
301906
300863
302084
302359
300155
301827
300743
302612
300972
300034
302441
300804
300470
302164
300739
301047
300496
300709
300364
302171
302303
301182
302324
301545
300236
301082
301064
302091
302319
302350
300337
300319
301540
301231
302579
300800
300414
300955
302006
301121
301932
300228
301204
300196
302150
300003
302485
300954
300667
301641
301650
300826
300691
300845
301832
300501
301596
301057
302391
300792
301424
300488
300007
302184
300704
301345
302345
300333
302644
302329
300422
302507
301361
301676
300252
302539
300367
302652
301945
302398
301773
301196
301822
300004
300314
300482
302467
300762
302305
300018
300090
302351
300811
301738
302116
302201
300373
300869
302011
301564
302180
301071
302795
300821
301056
302018
301487
301795
301829
302370
301628
302428
301954
300427
300549
300452
300119
302416
301120
300801
302033
301066
301315
300798
301627
300055
302099
302358
300673
300713
300275
301431
302675
300825
301427
300957
300226
302751
300040
302179
300021
300148
300602
301293
301463
302487
302489
302136
301810
301265
300981
300729
302438
301534
302189
300599
302481
300964
302316
301652
302731
301573
302049
302667
302729
300152
302066
300690
302088
300098
302031
302396
300554
302571
301852
301740
300466
300831
301708
302336
302601
301982
301460
301189
300678
300775
302672
301406
301601
301905
302607
300287
302228
301279
302085
301878
301606
300769
301225
300756
302402
302723
301570
301158
300104
300789
301113
301055
301854
300160
301409
300009
300097
302340
301633
301772
300885
302700
300627
301560
300890
302788
300430
300727
300840
301593
301743
301605
301609
302246
302564
302514
300686
300732
300642
300609
301887
300400
300568
300135
301107
302022
302646
301631
301147
300446
300532
300578
301679
302221
300915
302170
300832
301169
300169
300188
301925
302140
300966
302521
300923
301151
300628
300272
302665
302210
301097
301037
301363
300948
300431
302423
300560
302427
302606
301442
302122
300476
301800
300071
302227
301030
302645
300773
301166
300265
301054
301013
300786
301192
301820
302772
302694
302095
301206
301542
301828
300593
300537
301684
302631
302553
300614
301342
300121
301484
301242
301088
301443
300917
300940
302230
302053
302609
300410
301488
300539
300412
300374
302037
301324
302051
302193
302519
302343
301884
300506
302339
302543
300049
302615
301497
301234
301500
302023
300402
301523
300023
301339
302750
301948
302354
300993
302325
301868
301332
301190
301395
302061
301910
300428
301063
302716
302747
300099
300144
302450
302637
300883
300714
301844
301390
301934
302777
300726
301694
301101
302017
302669
301212
302020
301961
300916
302599
302424
301391
302138
301972
301870
301608
300061
300074
300464
302317
301261
301310
302256
302097
301414
301833
300844
300764
301368
302689
300215
302699
301847
300046
300982
302583
300842
302590
300345
301519
300175
300748
300594
302401
302253
302027
300095
302300
301209
302009
300668
300776
301758
301660
300256
300803
301994
302134
302113
300230
302406
302786
302137
301774
302515
302593
301855
300056
301916
300443
301987
300949
300601
302668
302528
302703
300352
300529
302595
301981
301546
301856
301796
302578
301468
302674
302790
302755
301402
301705
300737
301658
301458
301522
301161
300132
300564
301501
302026
301575
301781
301110
301118
300505
302090
301690
302081
302580
301675
302158
301034
300178
302766
302696
301538
302464
302188
302380
302532
302432
301805
300327
301258
301046
300455
300176
301580
301707
300853
300125
301639
300502
300710
301188
302123
300219
302685
301137
301509
301831
300120
300575
300889
300530
302498
301321
302767
301735
302505
300285
300973
302025
300838
302078
301915
302110
301769
300078
301725
301626
302758
302036
302627
301127
300619
300033
302311
300392
301237
300375
302712
302089
301553
301492
300035
301571
302320
301907
301922
302279
302395
301172
301644
302793
302673
300415
302376
302152
302678
300058
302735
301896
300445
300912
302483
301807
301589
300457
302318
300454
302139
300170
302666
301445
301252
302651
301153
301160
302197
302173
302160
302378
302493
301337
301536
301842
300616
302397
302321
301436
301825
301122
300273
300531
301591
300509
300708
302002
302307
302295
300983
300450
302492
302460
302451
300376
300818
301312
301006
301048
301956
300936
300799
301446
302719
300195
301836
301052
301240
300887
300484
300556
300834
302518
302288
301060
301611
301744
301700
301325
302508
300206
302459
301739
300930
301437
301449
301502
300138
300830
301659
302448
301798
302466
301799
300701
300797
301001
300179
301612
302429
300346
301586
300360
300045
300136
301654
300774
301291
300595
301714
302538
300643
302683
300750
301797
302071
301701
302331
300365
301114
300765
302355
300985
302756
300650
301587
300481
300399
300020
302055
302332
300805
300519
301364
300538
300069
301379
301508
300087
300684
301736
301074
300426
300584
300246
300361
301918
302308
300439
302523
301607
302200
300247
301665
300527
301146
301583
300548
302255
302748
300926
300856
301184
300064
301888
300637
302143
300654
300429
300244
300048
301374
301116
300243
301695
300794
302352
300433
300540
302741
302103
300561
301691
301191
300220
302591
301616
301897
301369
301416
300630
302778
301477
300722
302510
301267
301343
301859
301629
302682
300939
301270
302585
301425
300149
301193
302190
302108
302349
301461
301816
302732
302733
302724
302705
302782
302162
300395
302581
302291
300514
302041
300054
301423
300027
301615
302223
301520
300461
301748
301233
302765
302386
302559
302549
301544
301367
302611
300927
301789
302369
302690
301594
300085
301923
302165
300871
300528
301505
300728
302469
300956
302344
300380
302781
300492
300656
300106
301602
302614
300408
300331
300857
302779
302341
300577
302693
302711
300753
301163
302000
302387
301727
300479
302215
300583
300909
300486
300746
301434
301721
301412
301920
300370
300332
301782
302422
302301
300689
301792
301136
302742
301590
302373
302241
301219
301287
300393
302565
300699
302436
302146
301819
302558
300037
301864
301041
302727
300191
300261
301419
300771
302511
301251
301210
300802
301134
300716
300289
301967
302240
300307
302544
300581
302363
300193
301311
301362
300685
302367
300692
300837
300793
301757
301318
300745
300325
301991
301176
301911
301900
300507
301814
300353
302174
300172
300703
300211
301958
300126
302408
301026
302743
300658
300385
300921
300084
302231
301598
301038
301518
300157
300587
300755
300116
300077
301524
302335
301173
301610
302258
301302
300115
301584
300620
301578
302239
300139
300900
300309
302648
302415
300919
301490
301901
300362
301527
300313
301964
300404
300524
300299
302035
301452
301685
300719
300715
302560
301044
301263
301942
301045
302347
300344
302728
301383
302149
300635
301585
302362
301073
301498
302280
302628
300216
300894
302770
302550
302586
300351
302224
301882
300829
302242
301217
300855
300828
301174
300879
301179
300641
300159
302046
302463
300893
302589
301521
302405
302384
301144
302109
301574
301090
301678
300264
301543
301347
302548
302076
300245
301496
300592
300523
302660
301970
302760
302759
300015
300112
300809
300451
300093
300631
301079
302636
301214
300580
300227
302361
301737
302019
302154
300441
302379
300848
302536
302476
301604
302082
302118
300167
302382
301257
300318
302131
300173
301221
302294
302551
300638
300757
302638
300698
302663
300859
300770
301464
301968
302357
300062
302576
301985
301845
301759
302144
301867
300012
300718
302296
301674
301776
300369
301651
301752
301247
300053
302540
301256
301273
301148
302060
300463
302032
300570
302310
302478
301316
300717
301370
300459
300987
301466
302641
301753
301183
300212
302587
300639
301229
301614
301813
302613
300724
302314
302235
301851
301313
301150
301201
301921
302176
301457
300763
300197
301895
301790
302003
301861
300137
300971
300312
300766
301618
302104
300874
300640
300194
300851
302163
300928
300694
302219
300467
300924
300880
300440
301129
301333
301693
302502
301450
302761
302445
301035
301473
302286
302455
302211
301506
302403
302048
301866
301296
301278
300563
301706
300134
300303
301245
301730
300165
300150
301454
301004
301503
302457
300822
302029
302479
300063
301317
302704
302773
301067
301349
300088
302622
302726
301031
300925
300223
302509
301051
300741
302168
300975
302784
302034
302226
302431
300259
300107
300543
302787
302443
300663
302245
300487
300733
300030
301818
301890
302577
300225
300357
301567
301469
300266
301768
300567
301750
301996
300302
301681
300477
302148
302744
302662
302247
302446
300420
301156
300257
300498
300683
300103
300043
302639
302236
301314
300434
301357
301889
302404
300250
300388
301947
302287
300124
301645
302115
301930
300752
301581
301975
300742
300483
300910
301655
302346
302063
301603
300067
300572
301791
301260
302075
300202
301341
301853
301924
301745
302722
302120
301426
301373
300759
302282
302056
300277
301100
301668
300199
302356
302605
300623
300076
300092
302328
300238
302132
301329
301830
301435
300950
301301
300129
302117
300453
301249
300671
301149
301268
302130
300965
301724
302178
302554
300760
301307
301746
301197
302468
301880
302107
300754
301840
300253
301098
301941
301793
300808
301874
301539
302567
300813
301711
302125
301385
302512
300288
300154
301909
301931
301687
301763
302206
302797
300526
300336
300558
301027
301640
300749
301104
300270
302057
300359
302126
301530
302713
301788
300184
300269
301499
300747
301186
300068
302028
300632
302216
301323
302326
300198
302753
302491
302098
301350
301476
301547
301388
300513
302596
300389
301303
300448
302267
301243
300471
300586
301017
301526
302102
302285
301719
302430
301638
300016
300562
300810
301348
300044
302273
302368
300605
301177
300735
302769
300781
300485
300218
300989
302739
300407
300618
301698
302194
301413
302101
301308
300612
301203
300707
300904
302014
300323
301119
301387
301808
302780
300019
301365
302195
300941
300520
302039
302068
300475
300293
301194
301019
300493
301399
301269
300783
301978
300161
301873
300348
300368
301919
301396
302058
301850
302348
300500
302736
300882
300767
302052
300600
300114
301630
300664
300094
301802
300613
301421
300340
300908
301702
302073
301297
302250
300201
300888
300185
302598
300465
300588
301401
302065
300480
300140
301264
300073
301108
302274
301555
301471
301283
300648
302568
302377
301381
300672
301899
301330
302635
301418
302717
300693
302454
301600
302030
301962
300316
302182
300839
300295
301479
300031
301770
301077
300204
300901
302185
300679
301208
302425
302040
301841
301848
302142
301335
302412
301622
301359
300790
300780
302128
301777
302529
301525
302252
300089
300841
301992
302005
302062
301171
302064
302042
302640
300659
302366
300772
302238
301875
301963
300680
300706
300991
301103
302792
300304
302283
301351
301187
302124
301715
300611
302623
301949
301960
301680
300547
301039
301974
300696
300849
301749
301617
301834
300565
300142
300279
301528
301040
301227
300390
302477
300296
302447
300935
300499
300967
302092
301709
300850
300559
301444
301042
300597
301467
301817
300315
301704
301928
302522
300945
302718
301723
301929
300190
300835
302096
300028
301128
302434
300324
302100
300490
302275
301246
301290
300059
302552
300992
301430
301803
300897
300589
300268
302243
302745
300416
302575
302730
302262
302618
302264
301549
301275
300740
302249
300384
302045
300846
300946
301111
302649
301346
302629
301689
301053
301771
300827
301582
302620
300662
300516
302496
302420
302054
300075
302794
301557
301666
302016
302353
301951
301014
301420
300843
300675
300329
301756
300214
302292
300657
300682
301959
302312
301955
302047
302015
302563
301300
302156
301198
300371
300569
300905
301334
301062
302488
300358
301548
301973
300082
301180
300551
301682
302655
302374
300042
302650
301178
301762
301712
301380
302157
302737
300052
300512
301236
300660
301504
300884
301821
300081
301224
302444
302269
301011
302710
301024
300557
300824
302169
302004
301410
300959
300254
302707
300591
301886
301165
302383
301533
301218
300629
301623
300339
302783
300146
300291
301692
300544
302572
302008
301326
300460
302433
300235
302695
300405
302555
301646
302074
301207
301280
302692
302192
301969
301892
300478
301407
300145
300929
302304
301439
300579
301447
300590
300474
300066
300596
302290
301216
301411
302458
302473
300005
300320
300153
301130
300355
302486
300321
300166
302327
302569
302127
301281
300425
301562
301940
300203
301515
301966
301248
300123
302289
301164
302229
300878
302083
301761
300608
300906
301860
300922
302546
301070
301588
300462
302322
301619
301220
301241
300852
301565
302112
300242
300508
300174
300622
301943
301152
301661
300305
300310
300109
301405
301289
301181
300151
301007
300820
300133
302556
300233
300978
301764
302506
302159
302147
301977
300377
300697
302584
302709
300961
300582
302461
300025
302342
300210
302114
301541
301778
301306
300258
301933
301428
300598
302421
302191
301995
300186
301123
300518
300057
301238
302381
301478
300931
301213
300795
300411
301159
301132
301983
300886
302547
300758
300489
302702
300788
300494
300944
302659
301255
301109
302647
301441
301354
301742
302754
302411
301511
301254
300996
302198
300907
301205
300381
300070
301835
302010
301950
300984
302426
302388
300988
302616
300782
300041
301131
301145
301394
301058
301453
300868
301997
302186
301331
302513
300117
301377
302177
302260
300998
301846
301142
300354
301005
301320
301099
301784
302155
301980
301106
300721
301783
302634
301883
301483
301775
300432
302007
302218
300051
301397
302456
300282
301517
302681
301422
300168
302594
301235
300417
300994
300311
300812
301624
301537
301277
300105
302375
301274
300670
302656
300687
301510
301049
302302
300892
300468
301939
300517
302471
300624
300083
300816
302248
300127
300164
302452
300918
301433
300213
302653
301926
302480
301033
301726
302768
302183
301382
301338
301862
300866
301340
302313
301065
302265
300744
301891
300555
301755
300343
300111
301613
300110
302715
302399
301914
302608
301656
301376
301592
300118
302526
301785
301117
302677
301999
300903
302204
301716
301597
301223
301440
300024
301953
301558
300080
301595
301720
300847
300255
301703
301908
302222
301355
301669
301699
300263
300876
300625
301568
300947
300617
302676
300330
302212
301309
301375
