303238
302374
302091
301505
302265
301623
303042
303257
301523
302373
302539
301806
300529
300366
301852
301030
301442
300414
303299
301715
301480
301157
300840
300201
300367
301497
300145
303221
300364
300662
303026
302336
301240
300387
301557
301702
302721
300504
300218
302864
302114
300762
302516
300007
300072
302537
302198
300069
300446
300275
300170
300036
301270
300399
302219
301367
300346
301928
301738
300863
301612
300000
300645
302464
301212
302275
303254
302068
300055
303005
300561
301820
302317
301795
302246
300445
302090
300020
302987
302398
300990
300031
301851
302547
301569
302328
301199
301231
300821
300677
300349
301900
302705
301312
301176
302655
301796
302773
300783
302780
302795
303290
301995
301127
300723
300714
300997
303009
302224
303266
301267
301396
303104
302904
303292
301475
301409
300939
303023
301696
300747
302314
303157
301500
301283
302674
302672
301104
300148
301896
301444
300025
302095
301423
302903
301107
302160
300728
300818
302179
300850
300215
301426
302770
301987
302064
302113
303172
300380
300499
301048
301151
301187
303060
301868
300018
300539
302841
303188
301579
301695
302798
301618
302575
301241
300972
301098
300361
303244
303168
301495
302764
302873
301427
300320
302106
302347
303070
300804
302245
301469
302814
302458
302520
300548
301884
301146
303248
300642
300773
300081
303313
302089
302983
301197
301553
301876
302616
301007
300727
300214
300852
303001
302606
303230
302455
301828
302596
301991
302727
301310
301762
302829
302278
301203
302546
301450
301496
300713
300612
300236
302866
303276
301533
300064
301506
302237
302132
303262
302065
301549
301147
301551
300287
300333
302046
302726
301555
300455
300595
300035
302353
300926
301484
300701
302003
300395
300568
300834
300336
302651
302532
302273
301507
301219
300854
302384
303011
302308
302291
302843
300480
302450
303145
301281
302468
302820
302178
303038
300637
300044
300067
301037
300985
303032
301374
300503
303124
302500
301113
300993
302417
300319
301661
303097
300912
302737
301658
301401
302144
302855
301001
302303
300095
301831
300526
301263
302391
302994
300450
300553
302143
300520
302235
301681
301258
300959
301689
301778
301166
300496
300973
302439
301137
302108
303264
301472
302401
302359
300199
302152
300628
300365
300800
302388
302497
302165
300073
302924
301711
300394
301548
301530
300363
301842
300845
302355
301727
301307
301091
300736
301788
303302
302326
300021
302395
300564
302242
301282
302652
300808
300462
301684
300087
303316
302628
300028
302595
302186
300602
300466
302332
302944
300598
300776
300334
301791
300842
302667
302502
303325
303269
302950
300803
302195
302522
300528
301907
300927
302779
301515
302623
301492
300098
300123
300076
303021
300965
301421
301066
301053
302839
301745
302016
300400
302228
300530
300901
302454
300970
303253
303055
303118
303322
300272
302813
300478
302634
300732
300247
300710
301120
302183
301836
302142
302349
300964
302583
300843
302296
302048
302082
301326
303107
301194
301351
301874
301383
303320
302629
300342
301525
303128
301474
301834
302736
302131
301514
301739
301363
301424
302229
303173
303240
300448
303252
301027
300375
301261
302239
302103
302880
301690
301875
302176
300934
300824
303212
301570
300910
303110
300569
301434
300125
301792
300781
302463
301814
301544
302713
303136
301487
301723
300992
301743
301954
302128
300502
302995
301047
300534
302200
302006
303301
300615
301074
300160
302322
301654
302566
301452
300599
303305
302998
302551
300588
302423
302036
303293
302706
302834
303280
302553
302774
300183
301463
301981
300832
302223
300144
300619
303193
300839
302816
300209
302560
303151
302528
302524
301674
301719
300310
300340
302580
301122
301608
303177
302517
300040
301064
301428
303082
300943
300094
303278
300460
301379
300769
300935
301586
301305
301457
300775
302134
301921
302300
302555
300613
302147
301713
302981
300726
301626
302405
302180
302851
302150
301014
302894
302380
300578
300537
300390
303099
300048
302085
301242
302806
301121
302763
301534
301685
300846
301740
300146
303057
300242
303046
301006
301398
300865
303106
302569
301410
302292
302309
302980
303176
301588
300045
301712
300049
300688
300034
301770
300068
301573
302387
301800
300429
302279
303153
301543
303261
302772
303239
301710
302761
302565
303203
300544
302026
301759
303192
301082
300023
300650
300228
301965
301252
302257
303160
300182
301606
303129
301964
300552
302908
300384
303044
301190
302700
301866
300430
303034
302710
303171
302339
301652
300826
302476
300061
300554
300065
300352
300433
300046
301302
300966
301547
301850
303169
302058
302696
301181
302784
301036
303311
300684
303080
301847
303105
300135
302466
302272
303150
301878
301125
300883
302066
303013
300119
301447
300532
301678
302538
302457
300549
300729
303029
302216
302124
303225
300114
301520
302582
302042
300540
300827
300916
302572
302704
300253
301958
301330
303068
300930
303246
300425
302302
301057
301915
301659
300917
303083
300224
300226
300629
300376
301630
302766
300120
300885
303315
300514
300702
302941
302559
302076
300476
300121
302018
301977
302096
301108
300368
303226
302170
300011
300946
301364
302730
301149
301329
300457
302614
300392
301371
302777
301153
302294
302662
303194
302712
301298
302943
300410
302972
301009
303251
300437
300415
302366
302647
300797
301479
300690
302753
301647
302445
300754
302875
302102
300735
302444
302258
302557
302877
301210
301691
301607
301867
300279
302586
301538
301559
300505
300958
300871
300656
300465
302365
302601
301419
303019
302807
302075
300009
300798
302985
302928
302685
302794
302047
301502
302051
300427
303149
301906
302955
300756
301089
303115
302295
300667
300091
301771
303007
301619
301249
301431
302956
300774
300204
303242
301761
301978
300668
300416
301542
302420
301996
300844
302052
303222
300830
302535
302039
300338
300423
303102
301184
300238
301461
300231
302104
301749
302530
302369
302529
302025
303209
302264
302602
301071
303052
302749
300575
301207
300551
302428
300206
302406
300490
301416
301160
301304
300452
302510
302906
302679
302760
303180
302930
301111
302797
301348
301204
301169
302999
301171
300556
301994
301402
301941
301102
302192
300904
303131
300573
302340
301399
300324
300500
300887
301335
302421
303122
301417
300789
300304
300230
300305
303195
302688
300252
300196
302156
303174
300270
300709
302802
301580
300949
302461
300888
301414
302709
303088
301657
301130
303231
303050
303271
300940
302978
302117
301460
300678
301773
303020
301332
301287
300141
301152
302848
301253
301369
302948
300976
302151
302523
301163
302809
302013
302910
302513
300422
300155
302313
300321
302878
300019
300195
300983
301830
302163
301975
301189
300697
301583
301165
300389
300861
302803
301518
301435
301578
301959
302255
302958
300981
302664
301986
303273
301407
302030
300794
300801
302961
303208
301017
302404
300027
302969
300704
302011
301042
302356
301173
302248
300597
300426
302238
302525
301473
300377
300017
300835
303077
303125
303132
302397
302043
300545
302754
301752
301339
301660
300607
301391
301969
301948
303218
302324
302346
301075
301269
303249
303067
300143
300527
303319
301136
302071
302879
300531
302399
303091
302549
300730
302012
302865
301046
300082
301709
302467
300407
300295
300748
301289
302690
300806
302923
302645
300243
302073
301899
301032
301290
301930
300591
301501
303314
300104
301670
300092
301748
300825
300749
302110
300274
300882
300220
300016
301300
302960
301013
302098
302670
300099
302531
302280
301633
302613
301910
300805
301594
303161
302762
302031
301021
302226
301095
302697
303250
302035
301101
302556
301251
300508
300856
300786
302427
302020
300198
300288
301724
302918
302120
301854
300955
302149
301100
300217
301054
302449
302411
301886
300707
303288
301880
303143
302169
302543
301322
300991
302819
301291
303164
301860
300149
301887
300609
302622
300501
300989
300618
300593
303089
301019
302321
302027
300431
302919
301832
301532
300058
302482
300691
302485
302963
300345
301155
301508
302827
301610
302914
301257
301128
300402
303109
301280
301539
301062
300708
300461
300660
301446
300337
300622
301639
302669
302931
303235
301564
302447
301522
303179
302155
303078
300705
301059
300954
301236
301358
300649
300256
302056
300838
302139
303190
302344
302990
301459
301629
300176
300265
301898
302083
301598
302130
301808
300739
302858
301631
300484
301400
302197
303030
301411
301504
300740
301974
303041
300614
300594
301110
303321
300132
302379
300654
300179
302821
302545
301601
302479
300277
300251
302925
302511
300584
300439
301268
300533
302282
303066
303245
301341
301060
302845
302269
302287
301967
303267
301824
302381
301306
303018
303196
302045
301823
301596
301264
302965
300759
301584
300314
300066
301161
302448
301503
300750
301646
301873
302203
300071
302127
302402
302354
301942
300327
301050
302498
300831
300153
302501
301609
300890
302860
302831
301700
300915
301650
301466
300341
300872
302682
302887
300627
301490
301721
302337
301436
300657
300601
302618
301499
302307
302061
301668
300869
300169
303202
301063
301827
303295
302400
302935
301889
301540
302620
300819
301675
301456
300254
302867
302352
301381
301337
303197
300391
300074
302432
302837
302656
302037
301707
302240
302913
300085
301445
301526
300412
300600
300075
302350
300129
303064
302319
302015
301940
302162
300358
301622
300693
301118
302748
300090
300273
300680
301191
301840
302811
300493
302506
302768
302796
301370
300519
300764
300792
302665
301471
302718
300799
302488
301134
301947
301488
301114
301968
300138
300738
302871
300175
303307
300853
301454
300492
300722
301962
300003
301693
302173
300294
302540
302190
301055
301294
302133
301097
302023
303015
302201
303063
300936
301275
301308
302790
300488
300097
302977
300616
301467
303191
301744
301848
302842
302884
302100
302518
301750
303210
301807
302953
302243
301260
301963
303165
302808
302342
302626
300078
302850
301644
300686
302504
300202
302826
302092
301833
300767
302739
300790
300482
300765
302882
300811
300109
300849
300054
301705
300923
300454
302515
303306
300301
302419
303074
300558
303156
302852
301464
302638
301056
301645
301587
300760
302480
301313
300106
300512
303289
302954
302341
300331
300857
301080
302456
302486
300577
301602
303071
302991
301541
300753
303141
302605
302838
302451
302284
300479
301625
300583
302389
300909
300486
301385
300746
301853
302136
303167
300339
303200
301418
302188
302469
300315
303241
302610
300268
301680
300689
301757
301600
302088
303223
301605
303010
300605
302823
302659
301725
301822
300393
303048
300699
302896
302653
301799
300742
300037
301677
301041
303096
301373
302227
300191
303142
301403
302660
301855
300261
302856
302032
300771
301708
302984
301768
303040
301218
301714
300802
302800
301430
302967
301603
300716
300289
303008
301193
300166
301932
302377
301234
302891
303184
300516
300581
302812
302782
302677
300193
301856
302979
300685
301325
302452
301767
301224
301390
300692
300837
300793
300579
301864
300745
300325
301248
301070
302934
303219
302693
301449
300507
303199
300353
301323
302301
300172
301462
300703
302286
300922
300126
302099
302325
303189
301909
302312
300385
301334
302658
300921
302330
302231
302009
301188
302649
303258
301038
301216
302630
300184
302040
300157
300587
302416
300116
300077
301957
300945
301666
302217
301838
301929
300115
302138
300562
300620
301293
301753
302657
300139
300900
300309
302210
302788
302870
301279
301301
302907
302320
302493
300919
301186
301638
302892
303303
300950
301011
303205
301582
300362
300154
301342
303224
302801
300313
301233
300355
300404
300524
300299
302415
300483
302000
301321
301951
302112
300715
301589
302290
301044
301782
302675
302778
302158
302846
300344
302635
300682
301955
302348
301966
300635
302362
302122
303181
301790
301206
302564
303304
300216
300894
302876
301961
301412
302776
301763
303072
300351
301916
300042
300829
302673
302752
300855
301311
303232
300828
301174
300879
303220
302376
300159
300941
302157
300893
303076
301970
300813
302193
302835
301651
301368
301706
301144
302791
302101
302460
301090
302126
300264
300359
302640
303085
303025
301819
300245
300671
302462
300523
301565
302577
302184
302527
301945
303279
300015
300112
301227
300809
300451
300093
300631
303236
301079
302471
301214
303027
301388
300580
300227
303317
300706
300233
302562
301546
300441
301802
300848
300905
301243
302571
302496
302642
302473
300557
300167
301380
302833
302691
303296
301776
300318
301972
300173
301221
302725
301590
300664
301477
300638
300757
303112
300698
301911
300859
300770
301895
301913
301528
302218
303054
301920
302053
303061
300142
300820
301346
303170
300293
302215
300371
300012
300718
302728
302060
301825
301439
302250
302785
300059
300547
301420
301698
301347
301247
300053
303017
301316
302589
301256
301273
301676
302926
301148
301730
300878
302959
300463
302741
300570
302221
300235
303201
301949
303286
302168
301935
302663
300459
300987
302810
300316
303137
301039
301183
300212
302949
300639
301229
300589
303144
301897
302433
302722
301536
303198
301789
300724
300841
302033
302769
300675
302063
301150
302177
303308
303113
301992
301662
300763
302915
301524
300197
300884
300190
300174
302639
302430
300137
302946
301406
300312
300766
303297
301362
302159
300874
300640
300194
302118
302857
302573
300928
301694
300694
302637
302412
301818
302097
300880
300440
301772
301476
301129
301574
301797
301333
302593
301746
302975
301437
302608
300203
303282
302909
301035
300929
302714
303090
302805
302252
302836
301933
302431
301198
301296
301278
300563
302078
302054
302408
302345
300659
300165
301841
302403
300908
302992
301458
301004
303035
301405
302922
302724
301735
302489
302164
300063
301317
303213
302650
301067
301349
302526
301861
301604
301489
300088
302422
303049
300453
301031
300925
302429
303028
301051
300741
301593
302578
300975
303309
301527
302968
301077
302890
302062
300259
300107
300543
303312
302905
300663
302474
300487
301614
301617
300733
300030
300269
300052
301774
303062
300225
300357
303185
300513
302519
300266
300296
301758
300567
300005
301220
301844
301615
302153
301585
300672
302074
301781
301665
302554
303263
302900
302666
301567
302971
300140
302604
301156
302019
300257
300498
300683
301611
300103
300043
303056
302241
303234
301314
300434
301357
303255
302189
302171
301736
301943
300250
301982
300388
300565
302145
300124
302436
302335
302002
302508
302343
300752
302889
302008
302386
301485
300967
301821
301816
300889
302534
300134
302492
302755
302004
300405
302247
302775
303152
301519
302541
301591
302599
302191
300398
300475
302017
301246
300152
300185
300572
300477
302316
302146
301901
300258
300906
301343
303323
301931
300957
300443
301521
301560
301073
301509
302304
300506
302407
302434
301616
302558
302109
301627
302396
300576
302863
301918
300471
301387
302115
301973
301052
300673
301116
302055
301498
303053
300822
300719
302868
302590
301208
300369
300538
303243
300136
301805
301265
300161
303043
300560
301026
302781
300897
301443
303073
301172
302034
300200
300033
303086
302937
300089
301209
302756
303275
301562
300971
302695
301979
301575
302715
301237
302581
301024
301737
301225
302789
302733
300302
303216
301178
301905
302929
301045
301882
301040
301888
300951
300586
302038
303114
302824
300323
302327
300696
300737
301687
302916
300596
301764
301535
301468
301201
303214
303217
300188
302277
302902
303004
301817
302213
303031
301777
300370
302680
301177
300961
302964
303287
301998
301297
303247
302185
301345
302966
301628
301386
303100
301923
300306
300632
301679
300590
300062
301871
302154
300408
301803
302491
301359
302057
302514
300151
302028
300623
301581
301561
303047
301303
300178
301682
303259
302648
300978
300772
301318
302707
301545
302911
301361
301413
302446
302206
301829
300608
302005
303135
302367
302738
301094
303133
301392
302644
302490
300285
300559
302081
300780
301571
300592
301870
302507
301934
301976
301701
301119
302084
301195
302288
300630
300481
301890
300464
302550
302475
301671
302262
300056
302256
301272
300648
303116
302615
302686
301985
302912
301179
302936
302249
303237
302888
300211
301810
302041
303260
302123
300768
300222
301692
301892
302641
300004
302107
301655
300474
301324
302585
303204
300360
302591
300150
302253
301640
302368
302029
302862
301350
300658
300428
301315
301365
302759
301425
301925
300373
303155
303134
300743
302587
302732
302125
302822
300717
302576
301103
300084
303065
300374
302767
301025
302512
301769
302849
300329
301793
302022
302211
302049
302893
302757
301245
301919
300509
301798
301182
302747
303117
300679
300244
303233
300582
301088
302861
302716
302230
300470
302694
300810
302383
300956
300291
301859
301158
301180
300948
300133
301192
301924
302393
301673
300010
300641
300307
302260
300711
300982
300643
300332
302898
303207
300851
300406
300246
302329
302817
301756
301217
301813
301845
302631
302140
300924
301704
302285
300485
302828
300348
302742
302305
300611
300621
300219
302363
300303
302014
301641
300267
300467
301956
301034
300210
300755
301395
301804
301960
301922
301164
302351
300050
300420
302478
302568
301196
302895
300223
300186
301123
300518
302607
300057
301238
302832
301478
300931
301213
300795
300411
301159
302148
302414
301132
301983
300886
303024
300758
302194
300489
303211
300788
300494
300944
303163
301255
301109
303146
301441
301354
303012
301742
303274
302174
302267
302729
301511
302382
301254
300996
302612
300907
301205
300381
300070
301835
302010
301950
300984
302274
302883
302840
300988
303111
300782
302116
300041
303270
301131
302441
301145
301394
301058
301453
300868
301997
302886
301331
302701
300117
301377
302588
302499
302334
302683
300998
301846
301142
300354
301005
301320
301099
302426
301784
302563
301980
302624
301106
302137
300721
301783
303130
301883
301483
301775
300432
302007
302636
300051
301397
302921
300282
301517
303187
302182
301422
300168
302318
303081
302459
301235
300417
300994
302425
300311
300812
301624
301537
302632
301277
300105
302370
303092
301274
300670
303158
302487
302481
300687
301510
301049
302734
300892
302310
300468
301939
300517
302939
300624
302927
300083
300816
302668
300127
300164
302917
300918
301433
300213
303126
303140
301926
302951
301033
301726
303291
302594
301382
301338
301862
300866
301340
302750
301065
302689
300744
301891
300555
301755
300343
300111
302311
302424
301613
300110
303229
302548
303094
301914
303101
301656
301376
301592
300118
303002
301785
301117
303183
301999
300903
302470
302236
302204
301716
301597
301223
301440
300024
301953
301558
302358
300080
302973
301595
301720
300847
300255
301703
301908
302222
301355
301669
301699
300263
300876
300625
301568
300947
300617
303182
300330
302212
301309
301375
301112
300960
301170
300317
301801
301124
300979
302567
301984
302135
301135
302611
301012
301061
301843
301944
300651
301826
302744
301747
302067
302509
301812
301299
302438
302289
302970
301903
300546
301869
300497
301020
302283
302974
301902
302121
300720
300896
301741
300436
300022
302687
300604
300999
301636
302024
301572
300796
302357
302579
301697
301865
300298
302503
303103
303227
300189
300100
300603
300815
303079
301271
300962
303006
301372
303159
302592
302719
302111
301162
300347
302698
300695
301938
302093
303000
301811
302869
301904
301319
302681
303098
302375
302854
302847
301175
301244
300001
302244
301663
301232
302331
302521
300712
302996
302723
301722
300785
300521
302270
301211
301648
301336
301672
302844
301266
302077
301230
300510
302901
301285
302552
301352
302720
300286
301766
301491
300807
302746
302205
302129
300006
301786
300181
301043
300778
302361
301577
300473
302094
302483
301787
302976
301415
301779
302443
300444
300156
302938
302378
303139
301069
302897
300113
301356
303022
302783
301637
302086
302627
301438
301143
303256
301141
301344
301632
300791
302703
300096
300913
300932
301250
301432
301885
300817
300911
301927
300158
301566
300442
300652
303154
301016
303036
301686
301360
300734
300101
301688
300725
300665
300969
300633
302542
303003
302293
301448
300421
302731
301022
302793
300860
301465
300163
301493
301262
300171
300522
301760
300606
302263
302385
301512
300147
302234
300610
302830
303014
303119
300039
302297
301751
302259
301809
303281
301072
302609
300535
301366
300014
300180
301133
303039
302598
300378
300208
301028
303121
302070
301081
302597
302815
300833
301404
300862
302477
301154
301115
303283
303162
300438
300472
303272
300550
300424
302717
301226
302271
302735
300032
302166
302678
302505
301239
302881
302225
303084
300646
301167
301513
301000
300281
301429
300542
302993
302072
300873
302202
300300
300409
302306
302544
301877
300038
300297
302945
301872
301228
302643
303087
300536
301621
301087
300977
301286
302933
302743
300836
301068
301295
302141
302315
303186
302692
301717
300335
302536
300162
302435
302371
301008
302333
300491
301653
300963
302765
300278
302437
300280
300761
300328
302080
300232
300644
302175
302059
301952
302392
300205
300234
301284
300249
302220
302372
300239
300891
301215
300777
300634
301993
302942
302711
302276
302853
301732
301168
301863
301086
301599
300008
301552
300674
300240
301642
300875
301971
301989
301664
300681
300968
300382
300060
302214
302671
300207
300401
302254
301815
300308
301023
301894
303058
300751
303310
300574
301837
303268
303045
300784
301018
300447
301389
302982
301649
300248
300403
302646
302676
302758
300221
303228
301912
301683
301734
301451
301765
302699
300397
300386
300779
301667
301937
300995
301936
302360
302338
302962
300541
303215
300877
301988
302740
301140
300974
302105
303069
301353
300128
300276
300937
300241
302584
302899
300290
300029
303294
302410
300942
302268
302409
300086
301384
300262
300920
301015
300495
301849
302119
301794
301529
303298
302751
301634
301276
302920
300823
302825
302989
303093
302208
300867
301733
302484
302161
301085
300676
302251
301946
302702
300525
300515
302181
300283
301990
302997
300350
303265
303206
300986
300237
300980
301259
301486
300458
300079
302001
301327
302453
300002
302172
302209
300661
303123
301531
303175
303300
302494
303138
302617
301222
302561
300435
302079
300731
303120
302050
301078
302947
302957
300013
301858
300647
301780
301202
303324
303285
302625
303148
301092
303075
302199
302792
300469
302952
302786
300047
302266
301029
302167
301917
302440
301563
301576
300260
302442
301729
302787
300655
302570
300626
300449
300192
303095
300372
302021
302087
300566
300898
301482
301635
302390
301754
302394
303059
301076
302207
302299
303051
301010
303318
301084
300585
301879
302633
301620
302044
302684
300870
301288
302940
302323
300864
300271
301096
301643
301292
300131
300938
300229
303178
303147
301328
302804
300899
302281
302818
302621
301105
301554
301893
300669
301002
302986
302187
300700
302600
302495
300292
302654
302799
302874
301093
302745
300858
301455
301516
300666
301494
302603
301857
303284
303277
300413
300953
300326
301185
303166
300933
302708
300187
300284
302885
300787
302364
301481
302533
302574
301200
302261
300322
301550
300511
302196
301881
302988
300177
301083
302472
301408
301470
300396
301556
300379
300418
301378
303127
300881
300636
301138
301393
301731
302859
300653
303108
300026
301139
302413
301839
300902
301718
302232
302872
302661
302932
300814
302298
300108
302465
302069
300952
300895
300383
300122
300130
301728
302418
300356
302233
303033
302771
300419
303016
300571
300914
301003
301126
303037
300102
300456
302619
