647230176516
184997308320
542752797774
465696337784
768667214106
348437688488
714348124972
870744918120
278414242986
423469445352
978054535656
511147819908
769041204920
657606447428
454870405832
116367776904
475800871588
837510900732
898855416652
119263871628
274144078592
133226366658
272371904636
401883047476
470767136168
454899507018
312318701770
319931797976
103495406256
184925006640
952292421824
303271384680
100285581720
601878678192
651404730900
537025357636
222648757748
514207368080
223331925892
787622604120
655098447960
424457673486
491970517132
574568316332
592105499964
692233791576
144135615162
299550799086
186236612660
149029737120
405585343416
934140670518
518435504032
479116679580
263343675276
743433599696
130130309624
868873629294
133558894153
866711250900
573560665620
757069807428
186940426134
192547389384
827686647942
245240336286
355087292664
345606602412
349617753340
696312004112
688475635848
240487450698
418190814792
572805926582
575662815156
288090589936
741679562580
356953596120
325343079864
507645456978
184333244332
690908080368
929582076056
608168860792
308766451848
110492247984
113201321838
506752413848
338999806860
543237574572
385700701248
792035127048
747056366296
788798036466
365252539572
325726813434
151810869738
101623697340
333531979500
441429958068
878671454760
519417677196
132396246576
525665460468
110653944192
655447688478
375059805312
125025587346
264065012856
191121242334
518941659850
623294667368
470582842980
513137013444
204601210374
143922837894
677138126544
101595353904
414564904112
453175759672
801599292020
814726895334
379667526282
255426594188
172013778000
882351294952
509213516328
571983827480
221277971672
664659820044
113987027580
662245169948
284083649718
706209547824
115421946948
874280023348
596125755224
398770310967
903855431852
550648351206
959246564064
621659458530
157362232830
207687298302
351553802688
914788258360
100005993714
677252049870
394497104298
434350039760
152489963844
182870884152
238099319168
474094923584
216953740076
101593202040
653507438616
771867934892
711760930056
289457221976
731157653848
103003991144
468978350940
185742767298
116065781534
577497045112
767635518968
441068816924
168186462378
747689556470
139793927040
218678481072
443865052620
689906231520
284954419482
697971675852
156032612604
935467270648
578468613392
301256648748
151944405024
596885754560
737327740248
218480329084
146122623702
666178859408
297998011080
387965329884
247611114828
251184932658
113761678248
233206998188
134724963096
420089320728
503202731228
307834445984
489679432700
652423865610
599146898228
597067004700
427042343513
374269214484
138207211560
276443991186
244782239592
204286011798
906901822232
482155348884
138453670080
487153534464
221392888100
134005990998
135579019356
493786598580
105641718600
266648750774
843775671416
906513909048
462555779396
181342467702
229168167820
237390395814
628820806580
372529746072
986820761120
150584159088
590632266208
758547512248
159651818960
755219287152
806327679960
906874937988
574887184244
453978678446
531446169684
470102266260
354755632374
599912930826
973549390572
872123164934
507568268196
240025195672
296694572228
444755778188
666467523150
486943372080
118313341608
388349853804
113730390576
330409532372
516970328584
314623841730
107244547970
305527976748
832183827352
179988556176
343931342832
417281741312
110122900998
254674478980
103474922692
369823510680
617073695568
361767671396
137011432502
443853356760
668935274236
657430460082
542484080292
450687640584
325939541268
189717828496
181259049312
916616343918
466208541938
102635464832
681110943610
277161644844
857837945840
655350195060
355315121568
129088700928
585576395064
197004044094
155804967780
650302499976
796334595408
788589508112
180411377652
275809718844
336552304378
444910691312
139491471941
643121268072
852233147664
690002377316
902742874604
210171889156
693501138462
921070146280
621595749948
212019760556
172467986196
162227451276
539419392666
108113720220
129561220734
795716225304
630097795800
451662887048
811796326308
148707096216
777087754144
242783278272
115165177455
374267387928
210238261596
306261199232
163310682048
834261993872
165400208028
291572857124
974697072920
688347469260
734776196812
193566204216
298298416580
172664721600
414280283072
636452636556
152246829810
895659147404
118443159648
594102572778
773483356796
267742317312
779438696982
324498094272
794609157672
484764099534
857944870888
169873363572
186312532262
325934236980
291542887368
921698075888
806868923944
624616414088
398298856624
119933334180
460297890752
148300986042
107524640916
217558512364
249660833796
316544244120
317863902972
244522288032
654159676356
766757164732
273606388704
136478287340
645707714124
811013919174
133802215272
250187882964
538178450832
180907221132
334596475152
227703508064
522630939896
424276371584
388001758980
180313318746
582508757160
316078717414
504845646228
124190944812
158512986984
730347136992
181211046984
482674658696
554234679702
107169780300
983155123464
909893219796
901560325148
174295500720
304262938848
308447352972
122613320016
576902073988
895798853036
453584635646
298610838600
314428718208
375676621648
466808307960
661448869586
268805245862
627859758106
854064865368
828160002148
582052244296
633688139634
519733515308
813853210400
469491287826
791749962328
206138590614
388345798830
226369793628
783706847616
688646057612
243750341532
363392487348
462025648852
845645760528
340631747176
362785734630
119202840612
379162703300
131443863780
487817955108
357817739400
660463467576
283147161792
774237360996
799644114324
368427675528
612824084828
828317759082
766598996922
281070360844
104561491716
759293295452
916037200980
128030522070
418640387120
172768899312
564320641962
503873917416
374781631290
546805224602
852514046702
583141121340
303017742120
177309781020
123529235148
418003196588
414978187336
504886235436
445679148024
443171432280
847660096896
403624979008
214282747338
138676984380
744634401488
134120131892
363884118444
151284116280
934962853572
110752423848
114643142064
222839260380
946724448054
594892684880
131194367634
728310676500
288608914176
189925144362
234241044440
995891750898
103000559021
275946195984
140534411880
918264780972
378800825232
326692629648
485726203908
177655269820
715555646388
302862685652
798396144018
177291528810
619386395264
939017660624
272841658056
784980171060
620826490878
516076670406
546025200084
568293970464
295466888970
242903059738
118578383946
408986948304
801384648272
394411165136
338808866352
234214572272
110845258920
138485097144
312101192700
837187864128
483289471564
470109813294
133184799108
135461354688
155140920588
456229953630
253257148980
889079753528
129621157842
190218013236
769584073696
673238114006
329969182224
437597440432
800610469824
130926770676
785207500304
183522934880
314290733394
815611167360
751247347948
177781131726
665106589816
402032436762
693424412274
625567066244
183584081040
811525117392
856569663972
123471614755
893711317124
327790190838
711654826608
213147594296
441162245400
634199859282
143242764984
865974629520
873646802720
964525295778
946446602508
326562019344
426816816920
125713733870
113296068666
551723384916
420556710816
356825850672
205856020556
190065840228
254269133608
262073611596
410194730022
729282039352
945049362576
405455388294
241211300512
949624994732
908920302938
108365664524
981211795936
295839465268
270519033772
364904149302
159071554092
442209902838
220952630150
533500123464
534456332388
725958014956
112692521898
554023813794
346702888488
213999916812
144303576228
236691990480
100146586386
295381425536
192959395760
465029974332
129746870748
677036217990
363778577908
162335934816
486408244998
193299817392
221455560216
345659742252
123061841760
579056132486
721913153640
372993532064
117914776848
782120018788
305795612298
190812533604
133859376528
121426364862
965301149732
411195297544
126312284538
102788843303
465151338528
907089249528
257342638112
823547658284
842364252376
892008471188
670980158244
192167043252
267528227208
722693317596
380470946294
323381174984
665694137492
623464400592
311890369890
156378830586
299091194028
907810158816
417149543740
168243622008
295440950276
355658903292
370873835568
393731352036
629194831152
774713153808
642405386304
303328132964
331446997232
418401017892
603572723224
852797880296
252017556120
546878907432
180550095924
320861557368
351262159776
681947133086
160407861768
757104214776
588831927748
103478272722
154437856846
457788867228
419559420648
650763946140
765380059880
898034806248
347866325466
712534973832
179419759134
353176424072
611891241246
147077495532
495115951308
374629108192
999596259088
445631811372
108576802224
935844101180
260627698088
259635623444
198809678524
121129840656
310153590582
160048414019
913258883922
139783176120
657359384286
195168660456
629501192000
377577763200
133692901452
326276754342
965951568252
702357252200
118301630304
355253420214
200481423912
180923689122
108850427640
374516504604
717876637038
341861615832
359723230712
150092756856
945943968024
725913121032
234029511408
205380363072
196822057542
101328402780
100876493322
760494481560
157871627232
988009785972
756369088200
184684643484
148328475042
236365054200
633738579672
425362270112
716694526248
287106640656
774448810936
222785271060
387555384546
333148753080
551112111626
876710797380
100394985834
114556783770
106439881482
121574329464
169225006896
113056041780
662868681748
759089105544
377500793538
174369852360
258574640544
518607944712
949286211884
559670695448
496109139372
805418711356
948750309932
669574503180
339993952052
253026562998
409113969066
528120554082
424138194212
430454592612
148501763714
276718040676
516354594624
479120273280
275663525444
720568132412
259157066058
284318635608
157433701500
480756984640
319148031180
377079006342
289883003552
215237591712
680493740944
723307889436
765506310524
265928461520
140683418964
602553455196
391583634948
162413576532
708832168044
955903409104
323725976964
649318685004
466938806136
476985263632
559318889976
678070986016
205501127828
129565367612
194804048142
418671133980
685559659752
146557395378
982434509396
999224365392
188402024876
769080587648
623474157636
134534962716
288569658168
296376845820
134183792452
172507435152
260307851064
513481573340
811741472058
412927933076
592856374968
158183706580
479857945840
484974271218
119482261206
756186397560
236303204344
744492567456
196318461178
727002229932
409913876262
519153914660
110671219404
324126525294
118112998938
119793684480
101107088180
612560569596
130551366240
791721811184
405480490272
231720427638
275954254092
932088116716
193853964248
509957415540
855507035360
917808154560
611399239900
103243016250
708540091576
165755688516
729703799352
252658779416
634519145136
103903397730
563852455448
325826064724
155779653644
108489394166
974315810652
430403518512
422905716980
517764409206
130432706512
796689737480
514569969536
309142703160
386799244128
966847277084
518373309064
348010231536
200694230154
140114931460
159908732977
104854759680
316189404360
277825416480
545401587748
179993284216
741092771428
241966598016
212200316280
602766234972
849749932250
323841816072
649456139244
428527646316
209005817886
512719791408
570047870304
140577503550
497386989396
818177281680
153469135412
337685856744
295827284904
670633859904
428161448780
925301470170
103607188938
286607141764
159108027012
142483297176
735830172858
603914204816
313511562704
660707250288
333709850428
320507719780
386376909136
257535874920
733125011452
140295132152
120845439198
821299347392
569693212452
113782664852
437845332606
820970659310
452690459688
305254331712
409716590580
814242227336
346924313934
441333260940
283777508850
405818980974
309864117782
195630874456
221096446296
127451058504
503866398320
113536631702
454323787272
444642607332
642376218924
557888083528
579489172746
218585040516
837278186776
917232261856
628843586776
103496399424
559773186088
731438929480
103672263156
206845322112
435030464384
271409490984
270635357124
144436461840
268524881294
561656740326
494824520718
105699331484
728744939868
611445046278
295365275400
209332203530
227464821540
664161613232
166558848388
141248182774
508131355248
193817027052
539879522092
511881900354
187158608208
717525016064
392851373012
553950000840
261515184876
400896257652
615112122732
450402733440
123254225358
121560930282
196998982026
521037776456
154955730996
142069250598
156912829524
235544461416
429362801404
582344644002
754144074090
243530557248
186075249888
223892810526
199050974496
120909100686
430217042508
990118088288
743629770180
594140560926
803944979078
117318197500
566365327142
882534547288
940971659364
942789757236
716895238648
156188271884
905712688584
878357240044
536835485702
668376119664
136736916732
862005354504
272358801528
241194224700
331065203532
309371555328
341738297208
226760437794
357234884124
141275794308
538057456892
439489399500
848460267960
170542659408
441940722596
353939843564
430581443688
282151483514
974395629702
127195313982
805467309272
420409112148
560091150196
994079131452
488249743608
551785373534
105161168178
156542906124
105321768448
538475329656
132563773980
447466532436
103595411922
796040016024
472416474716
251898134696
698272196192
375669279408
820965415444
495161272386
811851912958
724307496064
536676922880
282537885696
214776522180
885121018682
272338046144
198651093696
124699209426
974525030028
444449099352
209360662892
767811867272
267422429140
624047346780
121798527378
208153828272
269322111696
130315782696
364214107290
139768979624
894658240476
895703063640
915212965688
115063938198
892365350280
779780269124
756837295698
517663988420
856225783908
217432095204
687201816112
432870428820
895198051736
301102231716
639852138976
755835430284
143648979738
144078467874
337347806400
934544327408
847181120214
802290741516
297790722372
561603516474
340541320218
166463161656
953637598452
122344797276
435603576408
425774302206
181482284016
793329454664
101726066970
292084687554
638790797832
337313205996
998137944340
481320113568
747076206888
152860963596
905322973596
411355653984
172419000204
247608733580
126986765400
796410131120
118244347980
277423185600
492632645340
784189041368
271768470006
737354506580
193923516792
133552951092
481197167946
672453930752
175164791868
102743280792
244379889468
151621809636
213989915700
568414593448
173413342674
120971507844
138347265672
588663136116
216699084030
359611910460
366599285904
308503184022
266285662452
212297470308
596695349316
474037917242
619863795210
296471990562
101347402926
853025410380
873443405632
356299515192
223858794258
191259456100
467581210404
447739855000
199266959032
348180884502
452122621632
473591542248
527638283864
117328260324
110675803194
670899132090
334916420520
160946013294
881067561656
676929236540
531772986288
577648086180
710284679148
245499874684
598684362012
840417216208
583821558804
369432650928
692423119332
197088400080
685631858768
882538454848
145948213916
144894351756
765674900792
618546210180
541812801024
147416467638
626145177140
388390059156
156866108124
250878544884
510144671616
590748896132
952665397002
452007507534
220546162220
887413821822
442244934288
178269722532
299499988688
477432353904
331780822092
285101382452
687891870864
704892603688
443704926060
505032053822
987017042480
254927374812
886239086632
161125151220
524190881808
249686693718
499625507304
940423824644
304836653284
222060152552
591795561852
545753130016
291233469780
144548698432
618864460896
953215321504
925585870272
148884252064
833815608878
406189631562
575198095428
442430979144
582280487448
177469572168
238377927940
214143581618
650880991528
263101334990
394926515772
862502961176
712430387592
779988186944
249779107908
476678865264
300121237812
659246949900
491008768668
217446630918
226040088676
503842592012
289549682432
197070826562
128477809448
463334793438
168822080262
458298397260
364933438248
138087787464
120819212016
358693970580
574553985092
147910122492
982427881248
639103608000
420502482278
481507136484
220693798182
357187805172
611817848828
578471667936
595222479324
256463348064
154941272352
530806111800
359815321200
374682131108
732980908242
571470586136
570133160088
457719917094
173559288054
183248825826
102942178084
218246352804
165105548850
250993007496
998988585704
238159069432
759802311476
783264501160
493218311718
837760610408
165048747928
190839773058
394566485472
852088316008
815685609020
333793706796
756653208890
526873289184
267528285504
128085866964
866532223656
337337551254
217828932486
602130616856
544774368270
680990577432
329326260846
107525512116
533308938720
520308049928
228469334740
335123876736
138759719010
762065742336
182887768400
865416737492
338016774278
354763723640
190945592088
295865404956
706057711720
122444918904
269301878736
614337334776
891088226720
311046718648
426267017352
227080804796
338217124278
728901530672
161223178644
795909572764
403533153308
511504230500
413207058564
809484583344
109351709940
192374354700
108442097346
759021095344
193044960900
182907306450
520076386368
632715508952
945668085120
120381055870
101266641960
651263245280
758260486168
862709431220
413747520186
223847501460
623697093756
285110919522
108899275188
726223969840
258455909268
142740877686
353293423560
935385635052
227411080376
190880062362
431682344280
910758503652
337563450180
166999813992
224392183092
555000319268
922637420196
721749240728
954382782472
137581153710
940324000704
256331725998
668881572480
613607367680
149537794824
199383077058
636732894204
187381479714
310752558336
109348906062
118324905204
127010901996
422100610568
447268560354
155651661296
122854439730
215942775840
358933276548
585801680144
119824211328
317508509604
231813700734
777417423948
771550285306
808451598136
178107470536
980235345568
168502120380
616491720900
267722152696
538495102200
663993820808
857059056216
221326256052
608833590052
338354965176
538434849414
989560243880
114007497412
212026687356
164711332764
914641035956
148406981976
221154908728
165682401384
278689077546
161824144080
694674332748
584639951940
224307179580
548067220800
657245868144
467533289816
463275477716
254546477676
141413209278
282845685804
811251124992
256093755522
379769858918
108473736096
546922923768
104788841916
439012613820
928109234048
175366449720
840772929544
273271246776
285387936966
693190975356
394765283484
257393177250
261795388866
131200948096
278432523534
406156616448
941458671548
776494731672
271042929366
918716410522
909231149936
948812009012
600799274752
245593275048
276855790756
138569573076
149871401922
335541502488
415336506552
233910603624
178238588516
144656912508
172220758799
558668339262
130352484900
165788340000
128644170432
713812179168
508211214784
888330649828
972712801664
631690131984
858566767674
918558636732
260133616314
278127731838
914173590924
874507614648
177832600374
233317322172
564717607344
501779327440
324242659224
396799145058
585735303280
169792596368
123401554164
506018259648
359186090796
196118420586
391925537388
922584539514
347159057056
354718585914
387635966652
675077673204
116735804262
638893857192
124181218260
245641395084
663060431880
489128774012
526531141488
858817730524
181763489058
319837643202
223361650512
146769588304
716280787328
899856827888
505512890982
717744014656
403882232292
182199719106
990761168924
277666385436
475467828264
522163605740
305191586040
987033914952
165331526580
162154631137
243513877266
486684892484
111933512064
647356307004
605987790800
289385611614
170152937756
467525476836
116951894706
793746979936
305581375836
423154493484
434588679852
588356315856
125863619970
123026765004
811838177072
650995346924
298727455554
160752708864
269339271492
142678053144
333179759088
635253932016
152618259684
577211261286
870478293564
250285807528
354798121203
233677948614
783244903516
481419417070
315605581632
103991481396
981904250148
967283951040
159414444684
564373177728
606970269840
343206335664
853288478328
926053022100
660601540038
741131309948
562791925476
760945427052
830006686472
183691066020
429555152664
729562770650
128723674002
651788705204
105469502160
252495819774
947138810112
537401036500
183022552448
280447462764
146683887372
112822266810
515344466240
107132464974
525508513496
807139673504
617897384676
596152229770
105270437580
129794264094
471457986808
540211005968
230097830904
648790807070
194101770060
277618542792
290165743092
114547582776
649252750904
710067332304
435774157236
206337234442
358205313542
432224792604
310320655224
874040273172
210077352144
454113665014
854263683996
297032724152
130872001500
204117485946
505855947960
590081525946
772659221400
166244374164
400766617052
870042271032
172992310920
592708893084
378344310564
170890726182
163287706820
985971848796
754483314354
267226874838
467973212652
765739709360
203494023116
884637373092
115849279062
720263722760
233913749802
183066733672
855992276172
298173904146
617749574504
731823253028
176858822646
570051519510
437709176188
319102550612
192297534396
206942273604
986576606532
123278820324
567146717968
926585579996
284339006622
363104857296
843143176556
543429807524
926186674940
138170761540
964489699008
324626515950
107264776542
627715674628
780089442264
710695553304
563629111944
359224632684
913561124256
809165181328
831014402524
381389845716
612036846728
547766488102
139666532544
162717711618
107287505820
842478582758
853558183004
306751605132
111421954116
870300086598
482078194090
593374076356
882267760636
299144028216
537580296936
295785980616
700606475612
133360681146
439947186756
176793692856
463067128552
653522963740
108161642820
125244918150
173674954662
326046360420
475154884512
258016153644
332901188532
119599911000
817345150974
501408439884
314313172464
147731450394
177835540904
356804670222
856446476292
766565495388
464022092490
323267371812
496304309988
184419717966
188880268696
439824884400
968872357728
731791912698
190002630642
645124733548
247275657384
870638720688
338653441302
569920299168
465097170680
236420599419
112831659270
472438283524
792527937366
116518644460
289431042416
778736407680
989281114368
198893780512
386196802398
147677953696
179919098634
695853809540
100050534738
204863268522
595672613612
127384655508
307752230016
707567391724
544062156660
231969401532
276224606064
821627348848
239925466868
563816279432
852830413576
360796492484
400537652130
870239263080
213504754614
272990681172
341912025444
278017195200
200001532104
147408352146
108674989632
786497221356
165537088200
391073924934
592492212972
334619583738
120902074590
684462315240
589934043664
512482094188
310590272850
627320206156
547617523100
386935504164
142881926984
151322250924
990621397256
980275348404
564232693068
271296321336
475864155556
387549286080
302974077846
941221807020
769654307136
493681780188
586191206304
444289286132
508741589004
433520297496
107482320792
594705742566
127669573284
927573615932
174626900646
836361748728
306078866872
983068309372
118759628964
776244274740
518075179776
144523876572
184740199446
115725166764
188661069432
146604986352
184430497656
797101646120
191204980272
109869628176
197854851414
104541232256
178776191130
211371375534
381631791024
461543140772
956430852100
989181262476
520583313096
488130029706
230382707280
573610717744
157086606708
546266012192
530729960904
784487015630
640913537384
701788483240
366395970996
233177087550
888545431816
305182070028
478634022636
460671714950
183804383068
377106397568
642034777824
278501892372
109638675794
149827973658
897640867728
889358023520
628343036244
485391682710
550369079106
513870427416
130030093050
199658517036
236774154492
634260553244
643817965724
335020183144
159991981908
532235019888
434673072996
872471054664
889527273228
415581954546
183156499239
523621068396
398789317080
649166679016
337959221588
393677026248
486252240408
948225119092
577535823908
146290164272
571545526760
337855636998
530712992892
467677562256
160570188108
857744211748
209223985410
147070354364
308087354616
292110752952
182826072396
196662273696
528469913264
839686015376
308571369084
130529642232
451278538326
439738427500
332732278494
298234135386
358593232040
543440383562
607208708160
128921341956
408609288448
697687012704
124605301656
472061764548
967915595492
576826481484
175153153790
904720799168
754870085044
852889470540
534658872528
785834083780
614584219788
941049448116
332506931526
434920154028
518398594956
339737696424
915330654346
164384379852
775095726404
711671601762
503728843856
144979908876
138259440000
892986558452
330782329944
177338022642
803263161888
518179291836
508972024044
182231285652
103037760540
182215936188
228441008828
884460770424
289991558340
423432990720
117924070572
904295311128
399143967288
295799243586
889721609432
728970131632
302030958040
732805726352
123618399950
353099937068
173283747252
430162771104
279819899898
185003969828
249043809166
838403604620
452866304124
860239951164
263096432874
124092150048
190361062380
767235590252
300676046148
868743076706
434682033456
179102421824
812416557344
127012068324
550507100216
258128788896
115691126100
174240690492
880870418504
447558350182
456470348892
395520079086
938566553264
366461914796
447921035096
754691286294
469137718860
771516225876
856451163050
650834127996
118055667312
173327134860
507867762596
174456066427
281416030302
757294473144
518077505184
473978020362
265100401566
445707257292
175433221656
333759479324
734121620562
189094598284
160299239496
926310800148
184353447498
182639129220
129747528966
268548266844
235507113864
865792426752
939936452596
735927634728
303713577090
149401652400
904465752696
132694126995
281297416422
582499941738
116295857368
306051008472
827022976922
360906538112
391833857508
351229391766
577681206396
211330024488
111038474778
991377583116
453232131656
499821968810
497777527564
807706513744
585234323784
136759399260
282869787948
710878077756
350410134888
397654455528
211162843404
591575104692
389454742974
809892216042
446303615472
420078169368
500555433212
257344268940
708002475378
959046335180
227837335176
262864778516
688060888020
117535078616
839983380388
642382003296
439325534604
592515961488
114688570326
160944294456
483941743426
956304814212
110558853108
107474646024
211721049540
214683856992
167619375132
725205196284
228035202712
836628294344
110556235940
529826305272
456017266580
505457145432
165774937284
276088734700
208176422256
710857464468
113039288472
207685191600
128427700236
630884677000
763361749292
866885274816
592695558806
864667589940
477160650252
436027600700
277028505864
279437169132
251967848286
381284163612
581146598732
647163992408
210672569052
256769389206
545992408104
801791328092
649982389980
215293056330
437191293462
779884052508
518880612192
654724036692
178469338608
191070312048
229183800516
162628474832
782223050560
791205836154
805074957616
769156191832
300857298484
189180282192
621568410704
128572895814
175010015004
288918309042
492649117288
293681882670
272575838402
700529202844
890950326156
583203870216
651756004016
639538714086
141913821324
376857114084
582539206854
494734089564
403248402018
177670227900
282183245780
107846665476
350664895812
530059633554
454984106180
359669853774
737620402464
372213752724
273929599416
129225949578
654780920706
107376384456
759098979538
116363414397
341986105758
127432345288
304128509784
593980239600
785254212072
327421270836
152134610076
520486879506
372739749820
440259099192
456961507596
969830728316
515612436768
954681626840
228989243076
157413690036
201676265538
267312403248
195933766940
102790531404
120771127950
340581569856
695905035404
747024205354
271765924254
838800335406
252477527940
144239612724
741064649092
993083399484
145156251240
453856068826
205250441616
244105918848
357348130716
849916860404
695163884040
364420038378
384153458632
243815926860
130192527036
119089798056
467442404714
168130834146
119673225936
924441169872
764260972958
899981837072
316705389230
831620025916
294535614582
545622578720
362487062520
324270513368
976109937164
617061193122
111016632012
160431597612
566526392004
886961745812
689929444808
798854522202
102204170772
301595669360
294125372936
522647759040
570748376088
181694118342
541732608052
239077080462
109645959697
372168023832
211787070064
770244521704
598285436560
315446311322
301092481596
516295156146
679882695028
426285473526
937921001092
203925942066
448890709540
804020753052
727518076164
273468763458
535611711636
621789309504
841038516844
782203835952
554987264336
504899721612
585164003192
122566837657
638563655664
320130695576
138389131782
373009372164
574004661316
132014285280
588191950908
125309664126
417743887374
706881480224
323655095016
228701382228
821523262228
367544773132
273549472944
138081286920
702236312976
344515815464
951817241232
293216092308
357226934488
213320948214
877361226880
372625363638
204866694086
673592793188
506681151372
372699809784
797615991216
509444687994
260754660144
475907631804
516510231072
649052077674
999196258004
150163966458
124679941582
164660290872
739523776926
709177599204
127988870724
595367402586
434175721352
668232509372
367199814300
346912224348
421951641408
836066146212
678605896044
400967813664
663201315282
713090636576
969553214584
639816471360
444942076326
394475962320
143335138350
454665221406
920983187982
390853242780
641965500000
914913987668
145115256600
549909851436
363223074918
150415009764
119645516824
811303397284
178696281918
105284698888
282030734496
868447253912
306775903962
851530597334
153944778702
713293375212
143836113168
178726639112
524673246568
775990590012
152517521640
569628733278
763672215438
100754724312
725290721988
546200318280
215841170622
205477563126
197395102372
748896426132
679106894796
196452307590
888265189910
221805973620
793962945732
852217395380
108045375966
909590483472
135292792074
517445004284
148385323746
838256543388
245724606600
343593475036
857294124620
307159061712
598245148314
315017895818
852088472004
310005161532
217603909710
386605793342
385075564532
206296664328
659924627864
112323915396
647089157682
780651357844
432922257702
138720411157
564909349056
696159287670
800926522968
709837936628
317739514982
634829451102
334931512410
687631652136
483371411328
757443570312
138441250926
145841307050
435051976984
268425411208
114510639864
117552823740
159592905360
145949271402
585832589396
532384025580
406502062626
123513007398
208206250756
284544063440
981798900288
999302074944
414785145852
216670023768
143020441772
319041617928
328550047518
236119879842
316236395310
735468965352
149229083190
482490109728
857473063524
628154958882
340132732236
827400535232
860444456652
504201585784
342595948002
929146424480
159988264632
787836611858
412249137596
145518618168
292978069560
978129089584
426086866296
231454759800
173314280436
243999069072
443896162644
638457515684
313494685116
680941602792
865993168094
192648612782
179441005170
570279817896
684010925132
260781411660
134537776362
153753317100
950424567048
522023622020
112705987542
380932905600
272134463830
115239672768
860764385744
157340592024
225616966640
759894673720
207404195394
302883508224
872723735828
254617907144
439819097388
118543124172
539310878106
102880486511
712074483648
816465256296
108160761036
261037158756
751048161136
519122144376
991972828832
899347597432
328914664452
217865093688
778972056522
427590526704
331976705244
757807227932
267446207226
548766440640
225295340490
364652412300
265273716180
532767495876
763733835016
738341002674
128008422300
905513974496
492084678924
255582233676
408591558804
813404779308
228815022634
402496137318
228391952084
403717325220
215302038732
160927967088
527110997556
440683588024
891976065944
775495095012
129700648440
590083801956
177072379308
181643022396
662250276864
356384057832
718490813964
810092123376
162263743224
372875705466
323837192052
306982233094
259902352044
937090127554
939780774500
117720057608
958708659048
804241724220
849365028006
385174805596
550423441260
857386912370
374906517380
134660780034
753672082646
255434348352
217185209424
829402682524
785918082212
485707091066
431233800920
276706074744
952507315384
479699921880
284794525713
830641022640
342697084158
292845907824
885865584084
413457143808
128157565074
167022684968
355101973776
161167787748
105240881526
400115294864
470434788846
139101032268
380616195564
718969273008
288357635544
535798660518
444366846494
639337154940
114399600776
438345060712
165811006284
333004421508
328698207216
863660284340
277323330654
116772397500
355381507734
599791109706
707800356120
517724560054
218996952240
185705906826
279877547100
729105875024
325762724128
808792268524
679372447940
288557377212
297173707776
867832107316
484457631108
387972831972
164696468508
433344467556
740241536660
591657459228
900586276620
600911925272
603575279866
238951803816
899727148780
294318654894
705193979884
917253243720
126850659144
157103423466
449946515896
544556548866
186771104496
331092572280
161642192910
497776087412
399999762360
939847598908
415350920556
426716309676
358548577462
244311625304
451231154152
258478005654
900808194990
166775463556
146589120908
404076688484
145100324952
597937448788
640325273114
353997567720
498951291102
104615245548
497682748728
272761194024
169750510380
892281370956
555067755144
695148501760
721587065164
429229169720
809050381620
255600431790
816126591352
495919696932
948086924004
800155643430
119524427748
382611224556
441255616890
575453461572
961218764844
462504862112
184742817864
120563967480
357114559032
404916520404
704164800536
100128660884
455806217790
348847243268
145829428140
281386771182
681459052098
930817806928
133555346958
684262102488
114094796772
496577104452
345661110724
601308708660
438682561548
778259518144
285523097904
171314299002
141137903742
278843537808
288959380776
752926792364
299345658612
413548957800
134979732468
621451288260
695359596192
530173396760
182324342880
682237351686
922536456828
462678660180
774910591026
179279476068
678778767016
865607748092
241839581840
107820883068
532246402116
519197812452
870326236292
135141764350
667555378872
225597854130
970657157712
651104209536
373419852168
783514490316
543066416240
129967606692
377759259108
436900983882
484808207400
443141006316
802236247956
751199722812
268211036012
412448920718
149621646744
379373138988
256158571878
743946808572
829245634668
892329797568
173629310872
122467216276
946234678752
160559851320
237988973964
787537217808
802427580900
489409958334
145512422328
724145326740
191159197878
535436060640
577698357720
607286047000
216641138472
127139611293
396014248872
252409244208
255786684612
215236660516
111987341046
258057261984
413480188440
539028089620
835404837232
354656050056
100440994100
168707993256
128200036644
498665232516
178503307596
220547957322
168986914074
130083768144
915720289900
933336183780
578400446640
198753105780
138721927872
558271964740
122569213866
574495084944
515526032274
773960124432
372015841362
872533225472
262942844076
383772188348
393375688926
699841602900
467067338928
211679905338
961605530424
915537639522
762340357776
358690982364
504851988564
146801838678
961537621996
131986771388
780568326450
508414693244
164854976746
165779793432
120307884840
582601454292
520015721016
128023182804
434757492972
345777877368
124449417246
145363565952
420313073000
227368573806
119516120856
183419431964
294520840632
380663530268
421941508656
413398239012
252993202176
518774882798
103805521280
140053481368
641109148350
592297603920
675825814650
258529459120
802306752786
120681072534
117614541000
244935434534
150271875576
690921251658
104649997122
267457219524
779438504724
308975476920
212368881876
261818161506
189333487728
139624333662
252437584408
541586483262
468848030376
535243977476
246996669150
428711081832
205535690844
855977409540
183688325808
482144537852
147412618428
935196953954
187638833844
147846072528
214454077883
961359296432
270271338576
242936156448
905497892144
302671437420
286694210088
935649786060
365929336474
971325996000
475994237796
500288596896
736188363108
316310574096
525294290412
734011696336
270118440304
221794263042
692752907220
208700881584
260493724952
136592111304
106819299972
389515231776
434505668256
599206505732
419039394180
220938391076
502177313120
797483716920
781754583552
221148585500
890091763900
186980701248
459340500564
103432033484
839761886500
246282928980
540685016322
249147209750
294513294240
233269329740
304307409680
203318399592
431055039392
686649667964
282240458180
726150262660
110571758088
290645800428
682254540396
630053725452
558837214748
516197434500
718970312544
221913170226
393410101392
248397402132
132987942846
222682440174
280242804816
240378280560
537876856242
375986279988
672931286928
427923261018
696436703324
568105285836
242675085144
606351693420
466439423670
179905989450
375800188332
898660171728
402794816884
951599114532
309658690340
374690598282
141427325552
434101039152
700756229840
103808375064
294575604044
601733376024
811321814452
126448555464
317041363252
622528494884
921412422216
479114110528
298819106256
115741749094
511769225088
877361138772
545721983004
650097447780
267403670952
139962891024
221458190580
581715403236
656663625816
537833278024
128548041236
191218137198
341904786200
324084250248
745282114236
716742376908
273189014208
109398655310
521326611432
775809078924
272848061540
172962257484
909667216194
553077161570
550973996100
174976820172
316294080888
229439834116
669907953296
739310107932
206744701416
509226606108
145376390148
631706043044
417097282732
150218213508
817126585868
166138184124
812163198328
107711510936
191627056476
858115272264
111162537184
115336688378
608777895954
810742601656
605635623648
210670883280
300972632004
119600900604
895852561820
893770487676
413571174654
825467287920
227246264784
363486784220
982290550624
684691343424
291766931676
283931768340
397921528944
202447450920
284115194484
814155292960
234109898880
722295720102
182426545356
404445653040
156575496528
371838870708
595832282792
130959158484
110070661106
623722578588
509350351422
537706869576
339511284486
110052488700
944518164080
574944363012
784552018832
410608136856
885967871910
348966149000
643654904904
631205627412
290278569240
334959407112
110642699574
848627258588
376120864938
244046720808
920609941974
431362073736
207932177934
547705983824
491521485608
484019247096
362002894440
336336175988
264412214352
302562738720
101864557980
419711884086
327754077948
519304270712
107503134420
664376536588
833863943580
335534715516
362595607830
197304031188
123290240336
358599419144
409011952436
486819315972
286944716916
353930005902
358161355398
123672971862
204352253688
681046933104
166193606766
662286602536
330751059934
214980583356
