2751
6176
95
5655
5404
152
446
4496
3262
2407
5913
4481
4742
10
510
6274
337
2969
7443
3114
28
644
6997
4334
5350
5795
1151
5128
1550
2699
4184
506
2341
5433
2778
7334
5752
5847
5258
5678
3394
5593
7274
1497
634
1533
4107
2333
340
6903
2296
2232
6750
6807
6914
4420
6020
7064
2172
2263
6512
5471
5037
3210
5415
5427
5556
6852
763
3832
4827
5827
6127
844
4655
1429
7184
6488
6963
141
3640
1240
5656
6108
7175
4876
5175
5245
3218
1796
23
5973
2278
4376
98
924
7158
164
4421
7554
5725
1462
6086
1
48
269
474
5550
1600
252
7035
7132
3200
3880
7003
7452
7520
1285
4039
2116
661
1272
5078
4573
714
1261
6676
5377
1700
3374
6164
1070
2107
6744
3815
5479
811
3645
29
206
5360
3418
7317
6984
904
2291
1667
5948
498
6916
4927
4399
5946
6801
835
7197
5033
4286
2497
5274
2168
3528
3342
671
4379
2945
7422
387
1236
5882
2935
1418
550
2473
1610
619
2251
4329
3843
2151
4721
5412
5211
7551
6384
7408
4073
5529
3714
6816
1719
4007
4202
1140
3076
4235
7162
6811
1838
2405
6822
1544
3463
1739
7399
3926
2584
1041
2001
4946
3891
3971
2500
1834
4477
1726
5430
1047
2183
570
3264
6902
7491
6337
6273
5199
5994
5582
2827
3201
6380
7377
2231
1310
3089
2713
4058
911
5539
5818
3268
920
2747
4760
5230
5953
5718
7390
1242
7431
5627
623
3580
5231
4763
6995
2070
6064
4365
1472
1885
3106
4984
6524
193
2007
2178
1878
3177
7389
2924
2049
1106
4092
3154
7257
5098
2677
5331
6866
396
4346
6573
1599
3284
6909
4478
4424
3924
277
4729
2119
7450
3544
7282
2496
6569
5391
3211
2005
7527
19
843
4647
4378
2551
2429
2472
68
5312
3390
307
5742
3345
2459
4077
132
30
2653
5544
2632
7276
6193
1590
2600
268
3085
4248
3133
2381
4702
4561
4372
4402
1183
5826
140
198
355
5424
7123
1486
1684
4921
6354
2086
873
5993
6145
5943
5046
3505
1545
452
5198
4856
3296
294
3647
2332
3252
4596
4005
3476
1102
5304
3445
420
6877
7076
3401
6265
5476
1204
3634
1853
5764
4734
6668
1336
5257
621
4487
5712
1044
380
4267
6929
66
5649
6540
6117
3825
6688
930
3772
967
5101
2711
6399
6671
6222
2392
6600
1312
7188
5073
949
6842
3698
5749
2895
6593
995
5448
6994
6360
6845
4705
1571
326
5007
3570
4639
1737
5569
1895
804
3026
4909
2053
4847
5589
5721
6758
3255
1725
1000
1827
3304
4498
181
5836
3017
4022
6490
689
7307
6911
3829
2769
1784
892
6462
616
7248
6212
5956
3037
7012
5132
3351
6012
4034
2610
4983
6280
5519
855
3806
3585
534
3920
7071
7009
7160
764
1246
347
194
2084
5765
3190
4049
7215
2260
6074
7388
5251
5205
6220
1542
1144
4297
3244
6980
6217
414
3639
1998
4243
1142
2777
4611
5431
4361
7017
5903
3649
6574
6246
1389
5249
2656
2660
2446
353
6502
5406
1781
6113
1706
3277
4427
341
2796
1941
7028
7493
2832
771
870
4886
2674
1633
2037
4941
6606
5521
5194
3119
5380
89
5192
2336
1185
2072
5791
6408
5286
2247
4758
4171
6485
2108
2527
1266
7539
5878
6153
1353
5911
7183
1391
2799
2216
477
6107
7170
5445
2298
5577
2010
2132
6757
4065
5469
2326
3182
3777
3540
5502
837
1595
2729
1553
4988
4223
2856
2256
7167
7010
3855
3221
2118
5390
4754
7045
6449
7384
553
1821
1870
1489
1672
4288
3467
5475
5571
4595
4725
3163
608
6666
100
6286
5762
384
4537
4404
5419
499
2499
3113
5293
131
381
4068
1766
5683
1969
1105
6533
1146
2047
4290
5821
3619
5558
1485
1238
6173
6023
4517
3939
3125
1611
2690
7509
2539
242
545
1296
2180
750
1136
4818
6196
6406
6925
3787
6938
4805
1586
7206
3890
1639
2901
7438
6857
178
4671
5573
1902
1308
6262
137
3410
6789
2858
4163
6332
2343
3705
3660
6814
3677
641
5823
6535
6378
4936
1860
3848
5700
7289
3572
3123
5702
2311
2781
5602
6583
3416
7413
3838
7344
7533
5604
2467
6029
6158
2171
2864
146
6219
75
4350
3103
4497
3109
4616
6160
7063
2863
4321
4131
233
4141
5978
1587
2117
2574
7530
1191
5306
1906
4971
773
5486
2589
6340
3391
1304
1619
5225
5330
4102
7067
3079
1741
4029
1186
3604
3916
2331
5207
5889
6792
2724
4759
4931
1386
734
2145
2016
1176
3524
5609
7038
2155
476
7416
2071
5023
6268
443
2376
4295
3383
2912
1069
5239
7376
3078
2355
1656
4735
3533
3495
4684
6392
5413
692
556
5541
4231
1095
638
3745
3485
7103
50
5564
3991
5761
2990
2560
261
1612
2044
7195
2098
2002
3444
4589
2623
6990
1199
5601
2611
7221
4185
1803
373
6878
1983
2087
3688
4283
4019
399
4182
4839
221
6039
4423
6278
7253
5426
3382
6595
1220
7495
5873
6364
1053
6629
1064
4501
5400
5298
7321
5799
3202
1073
2313
3074
7453
876
1193
5363
6723
1846
6534
4709
5866
7348
6243
3734
5951
495
6885
7437
2989
6619
1101
2501
2427
3769
1409
6033
5335
3509
3468
5131
7207
7241
1938
7290
2415
4384
4664
2194
3898
3493
1761
6281
1217
2663
4937
6813
3669
7025
3542
4632
5934
5455
7040
5058
5376
6896
3760
6261
2860
4189
1572
5559
153
3911
3061
4331
5012
5208
1383
3643
192
1379
3764
3967
1879
5618
7279
5916
1897
1916
1733
2642
5061
3796
1760
3985
1727
7116
3999
1547
1881
6362
6276
213
3041
6802
3422
6313
1829
7503
4135
7013
416
3260
6998
3966
2438
5669
2455
2170
3024
3482
2314
2695
3840
3442
3461
330
4121
6641
215
484
5965
1061
669
6161
3281
6035
5444
5351
6177
3718
1259
3371
5924
6779
7522
7316
6923
249
1165
5842
3104
3317
3006
5500
2824
7041
5329
1042
3933
59
4190
335
3957
1302
7225
5357
1264
1748
1344
4262
4873
6558
7095
2737
1445
6670
2620
7011
6180
6501
6434
4718
7243
4138
794
4543
3360
6922
3075
748
7473
1757
1579
6647
4906
3413
7469
38
310
2353
5869
7487
1863
2899
1736
670
6346
4274
5042
3084
1349
4123
2484
4960
5849
5984
2650
4719
5708
6425
3171
961
3459
485
4057
5568
2200
7499
5482
3364
2525
2249
3340
5163
170
6989
7088
5169
4002
5958
5927
2096
6162
3833
4355
1162
4062
7427
144
7205
1416
1713
6673
3564
2093
4745
5674
2867
3613
7136
7251
620
5238
1875
3974
4451
2542
2110
4226
4698
4638
5290
4412
2228
562
4685
4386
4993
4583
383
2825
5954
2235
5382
3308
2562
1877
551
2492
2369
2696
2022
2483
1432
2686
2579
1348
3300
5585
6209
7476
3032
6375
6149
6653
3713
5365
3289
1699
4214
379
916
4257
467
417
4681
2919
5392
6662
2396
6719
6678
5661
7341
7370
3140
247
3692
3013
2689
657
3086
5470
2665
5302
7536
4380
4173
6577
7039
301
1628
7540
7058
1933
1499
2137
79
3822
4674
665
1123
3846
4669
806
4338
1704
4302
914
4126
1466
6398
7428
6605
6568
6740
1276
3381
775
5267
1997
290
127
5359
4673
6952
762
1206
4313
6151
352
4042
5507
2182
4915
2166
1488
2654
4069
6312
7293
184
5348
5188
5326
594
4311
4157
5213
5902
3241
2207
7324
2319
5774
3219
5879
568
4636
6725
1844
212
255
6258
720
6004
6454
2753
360
5272
5388
1958
3362
3696
142
2798
5297
5572
2212
6937
3479
6682
2185
4526
769
3217
4797
4396
2350
3820
3795
6352
2365
4952
874
424
4733
4784
5536
3817
7082
1583
1050
5863
2994
5982
2179
5693
820
1260
1130
4353
5756
3910
515
818
2175
3455
185
5067
1865
218
6253
566
6690
6748
1559
4924
1207
3794
1375
2103
5599
1450
1747
2953
4968
6986
4028
42
1694
2354
129
6167
1791
3423
2144
4232
2276
1492
637
2879
7421
1252
1832
5344
4679
2549
3808
1815
3492
2066
2645
5148
984
3276
5773
7020
52
3981
6867
6817
1575
5102
2738
1460
891
3470
2961
1524
3697
2279
6232
453
6967
1084
1159
5506
4555
5252
1539
6130
2583
2236
6424
1783
319
1935
259
4419
1818
1056
2652
4181
3776
577
2609
516
5142
1749
5524
7333
1480
5722
3681
205
3250
5867
3738
1894
6279
6401
4014
1967
4700
3863
7129
4122
7030
2017
6651
5652
4874
951
3907
2457
894
86
7391
3174
606
2633
5408
1988
3502
6557
5104
7367
4552
936
3885
5260
2303
2274
4357
6858
6065
248
2466
4801
6918
3412
1503
5110
6965
1918
6370
2252
6024
4875
1992
2064
5186
3235
7561
918
6142
3942
3457
4665
5920
4823
4872
1636
3042
2025
2486
6171
395
850
3054
3551
1208
6215
897
4917
2712
5394
2805
2872
2487
1679
4188
3066
1777
4266
4472
950
4771
6843
5770
6760
4772
5281
2443
3303
5130
3299
6592
988
4220
1504
3616
3758
5848
6928
2894
4156
2628
1751
812
6071
6078
1270
5051
4605
6111
6095
3710
2160
6659
1198
5117
2478
2744
3256
3921
7106
3102
2408
7083
1932
5714
6761
6541
6850
210
7566
5036
6333
4829
2946
4125
2471
1973
1022
622
6157
1915
1996
5959
6210
4846
518
5035
3783
5422
3481
1167
5730
2646
6140
3116
5704
1126
4500
7150
5663
3434
1645
4004
6397
119
7218
3424
4011
1433
7419
6932
1558
3577
6058
5888
2587
219
3543
465
6103
2940
7365
2987
1673
2402
4159
4994
4104
2784
770
7380
1756
3400
4468
3530
1855
1055
7535
407
885
1631
5991
5484
1406
6591
712
7305
1248
5496
5174
3722
7296
4732
4904
1469
4099
405
5233
5235
5161
4194
1755
1458
183
1768
6155
3527
4105
4942
6696
21
968
422
3302
1107
6736
973
468
6257
6969
1313
3727
1295
4557
605
4397
3626
351
6154
3396
5995
2568
3494
1797
2649
2678
5936
3150
4653
1412
6237
4748
5345
3598
2494
4562
3335
732
1551
486
1842
3372
4881
919
933
305
4090
3754
3441
418
2926
2385
376
6933
700
2851
1568
297
1188
5349
7005
7085
2786
1738
6183
5481
617
6634
4484
3798
5635
4144
1780
6310
309
258
1687
779
5813
4203
77
1833
1154
2158
1420
6497
6939
7301
7111
1735
7133
3166
7396
3496
5831
6016
2890
6500
1351
1215
7467
4110
4554
3216
4418
740
6637
1218
4292
5513
6331
1561
5261
1664
2697
4176
5923
1981
3298
4426
2556
2051
6318
6543
5630
5603
3464
3959
1850
1536
4119
5833
1384
1786
537
96
4757
2664
2922
4229
3841
2845
5549
1522
6211
3318
6646
2431
4287
1529
493
1210
3111
54
7393
1701
6886
4172
3534
5319
1718
2035
1589
4788
2115
1318
2904
5769
6440
5147
6049
156
5846
5740
3987
3629
6640
2755
4474
1538
2681
5327
7287
7444
5546
1543
5156
1930
1640
3522
4351
4981
5853
5613
2886
4646
5901
4869
3670
1663
3871
7353
4363
1134
6797
947
6455
2731
6124
5368
3786
2162
2608
626
7565
4948
5970
5134
71
2036
3849
3033
394
2203
3946
5778
3205
2074
230
4686
3389
4780
753
6926
3559
4072
6104
6013
4633
4143
6555
6093
6293
5021
4115
5803
430
1251
4258
2361
2244
5442
4031
5940
1874
7525
143
7415
6931
1872
6720
4935
4666
5624
4277
7122
3611
3592
1067
2192
4574
1581
6376
7528
1369
5802
6773
3996
7193
778
1502
940
3703
117
7505
1254
1548
171
4493
220
3881
6821
393
3868
1402
2088
5672
300
3236
4470
6522
6741
472
5039
1566
2534
5979
5670
4483
1708
5763
6037
4551
2012
7374
2701
1317
1950
2264
1596
7578
7242
2742
5246
846
6979
3830
6492
7074
3951
3378
3515
2346
7392
150
7386
3709
782
5501
2780
5085
1054
4310
2411
7029
4036
3990
2006
6120
159
2896
2616
1677
7236
6284
1382
5402
3575
4796
3275
4371
4435
3233
7387
5045
6769
6068
6713
2325
4488
1807
6100
5615
32
2847
6917
3431
4568
5320
7271
108
4136
6957
3478
7213
5429
2323
6182
5034
1286
356
5027
5562
3947
4912
5008
791
2565
1847
4571
2745
1831
7245
1023
3812
4003
3259
2785
3411
955
5315
3295
2853
5798
3311
2943
3115
5410
5662
1898
5372
5167
6038
5341
3778
5553
1634
5473
1535
2963
6771
5551
2099
2627
5144
1329
62
1789
2906
4794
5915
4585
2321
5001
5456
903
7060
7375
536
280
1787
2368
7014
3701
2788
6862
3998
6156
3392
1074
2023
5647
6109
7078
5338
6529
5555
3836
6496
6973
3419
3612
5
4891
3565
2082
6829
5096
2289
1576
3513
4831
3887
4920
3690
6069
3560
1556
3742
3943
872
5221
4336
2349
6208
22
5268
504
3072
2270
4603
1457
6110
5269
6777
4116
5254
1352
435
6684
7145
3146
6594
311
3948
4795
6097
4174
3336
7420
3326
3919
4786
2305
265
2658
2705
3633
4158
5504
2375
2655
5606
445
4566
1350
1899
7179
2950
4958
3963
2142
284
4967
2111
1936
2818
1866
6854
4199
1277
2970
2526
4261
457
4341
3676
481
1577
5206
1794
4389
412
1806
6887
7091
106
5177
5333
7117
3155
1601
3982
37
502
3307
6934
1189
611
2999
7100
6046
3186
2433
4079
2530
3377
3263
7482
1340
1455
7446
1643
1293
3547
87
6329
3587
6530
7449
1888
3403
4393
2907
853
4151
1626
6819
6052
2561
6444
908
1257
5485
104
900
6709
5478
3555
1603
4751
3199
2848
3743
2444
3141
3771
6239
5069
1049
454
2929
1519
4848
2790
848
852
2213
1009
6073
694
1884
6347
6019
5682
607
710
3739
760
6505
722
2614
3526
2266
1868
5820
6683
5124
3405
5453
3198
4682
25
4525
1972
726
4806
2564
5758
5810
4897
1993
2811
1195
163
6494
610
1241
6630
5346
928
2974
5532
6981
2181
7538
1721
5401
7441
6946
2280
2957
1370
4035
4833
756
1244
642
5570
4947
5127
4206
5220
1230
1201
2271
4908
5640
2898
5639
6942
6900
1623
7036
2567
5808
3325
2835
6147
7002
3944
358
845
2717
730
881
78
7504
2735
6667
234
4027
787
2676
2949
1531
5423
6168
5295
4429
4790
3712
2399
6473
2548
5126
6297
3197
1979
6610
5667
1582
1563
6368
864
5811
1100
7433
7308
2865
719
2854
3664
4319
1399
216
5837
3850
6
6338
6483
1931
4445
7227
7515
7142
3541
1327
6072
2128
5989
3176
34
5436
1893
5255
3490
7579
7484
3207
6428
1438
135
6663
3001
6330
5580
7164
4559
4600
781
7168
5114
1905
1848
1378
549
1169
5909
6098
1702
2630
4306
4791
7015
5190
7027
3172
6466
6766
2939
7555
3194
1744
5487
4750
5972
2552
3751
6849
2538
831
3213
4816
3763
371
2722
682
3852
2631
6705
3238
4534
5530
1946
2914
6382
2040
7349
888
3209
2504
4225
4398
1937
4345
5434
7483
7465
1262
2764
997
3448
2709
530
865
2295
6960
4304
3484
6650
978
4508
1557
6414
5497
496
3191
7273
4101
4275
1229
4542
1190
1273
4006
2581
1871
3320
4048
5121
1900
73
3324
7077
5403
2638
5070
6546
2367
6762
304
7244
6041
2759
2625
1196
348
363
5112
7087
1113
6551
1275
1717
2659
2916
3297
288
1390
